111.48,54.389,0.44442,93.305,49.094,0.39322,78.605,46.477,0.65572
111.83,60.881,0.23267,86.922,51.428,0.36943,79.842,49.121,0.61791
110.96,65.647,0.33779,91.083,64.098,0.55964,78.247,59.699,0.77026
129.07,60.291,-0.16917,111.28,60.101,0.26279,102.48,58.276,0.3859
95.997,71.787,0.72381,102.3,72.588,0.60244,84.632,72.445,0.84188
130.64,60.039,-0.018372,97.081,57.825,0.59225,87.008,55.863,0.83366
91.086,55.193,0.74514,66.163,51.223,1.0701,62.925,48.811,1.2143
108.16,68.179,0.49608,85.294,65.864,0.91027,78.26,67.021,1.1064
101.71,54.298,0.69218,77.907,52.079,1.2143,69.802,52.05,1.4821
95.72,57.117,0.5748,88.295,57.728,0.63562,78.668,55.748,1.0323
143.06,58.57,-0.29339,114.85,63.962,0.25171,99.133,63.499,0.51635
123.4,57.682,0.21215,112.33,58.87,0.3534,88.702,60.136,0.89746
106.59,64.768,0.3352,80.785,64.28,0.88281,67.85,60.228,1.2121
95.458,60.558,0.59731,83.019,59.083,0.71778,68.033,57.283,1.1892
116.71,50.574,-0.13334,127.82,60.502,-0.14564,94.756,48.241,0.38905
120.55,68.867,0.18622,98.633,73.656,0.34349,80.728,70.61,0.77224
94.505,50.805,0.46235,60.532,48.655,0.93355,62.153,44.467,1.0701
90.954,62.715,0.70649,69.15,58.923,1.1931,60.892,56.518,1.789
94.005,72.732,0.55408,62.473,63.181,1.1244,59.399,60.139,1.3375
117.49,57.594,0.27861,98.235,50.812,0.6784,83.685,49.352,1.1138
104.25,60.07,0.20428,83.054,55.191,0.41925,81.382,54.471,0.48145
128.36,66.168,-0.12472,89.641,59.103,0.532,88.328,59.795,0.54057
114.24,60.399,0.21629,99.308,60.088,0.46688,93.162,59.229,0.54754
122.15,69.004,0.077035,108.47,70.4,0.33533,100.81,67.545,0.41556
95.406,72.62,0.32141,77.213,65.779,0.60306,74.967,64.312,0.63209
123.69,57.319,0.1551,102.85,60.695,0.4276,96.23,57.375,0.50784
119.95,67.452,-0.023387,93.274,68.062,0.6015,89.201,60.905,0.63131
107.4,58.664,0.16074,90.188,57.052,0.56087,83.687,54.365,0.76413
117.75,68.287,0.17488,113.12,69.62,0.27225,93.394,68.884,0.71355
92.892,65.454,0.6284,81.999,60.473,0.65937,74.067,57.065,0.83729
79.946,49.829,0.92336,83.232,43.567,0.7662,72.855,43.612,0.99843
106.02,59.999,0.31414,108.03,62.85,0.33694,78.736,54.038,0.67699
87.592,60.028,0.55697,72.055,59.616,1.1146,67.13,56.815,1.2459
117.37,53.129,0.30873,119.47,50.051,-0.10735,96.969,44.327,0.21881
137.51,54.967,-0.18473,152.62,61.168,-0.73548,102.9,54.823,0.35575
78.073,59.343,0.89981,83.154,58.511,0.59062,94.034,68.55,0.36539
111.8,62.788,0.21759,67.966,54.463,1.2621,57.177,47.895,1.5613
116.56,64.457,0.082184,75.25,57.884,0.99703,62.56,48.797,1.2505
85.784,63.015,0.68171,64.805,54.214,1.2674,61.56,50.461,1.2663
128.88,77.006,-0.1359,110.32,81.288,0.26851,106.04,77.909,0.25724
99.688,71.549,0.5636,84.449,71.115,0.8613,80.83,70.517,0.96105
115.01,76.56,0.24103,100.1,75.79,0.4555,93.181,73.272,0.5473
85.889,60.435,0.57291,65.064,50.651,1.1729,65.707,48.498,1.1133
130.24,73.868,-0.040613,121.76,81.766,0.034254,114.75,79.866,0.11784
98.24,82.535,0.45717,88.103,83.735,0.71011,76.731,80.047,0.85907
69.029,55.83,1.0878,58.087,52.356,1.3544,49.276,48.416,1.6355
61.421,53.521,1.3684,51.751,50.638,1.6204,46.428,47.253,1.7781
134.75,62.051,-0.020989,108.21,66.945,0.25268,92.285,59.629,0.44035
81.373,54.859,0.86144,75.734,53.731,0.83358,56.426,45.186,1.4269
99.945,59.403,0.6727,85.617,61.608,0.70859,83.591,61.352,0.72653
145.46,64.483,-0.18784,81.712,63.189,0.71842,68.553,52.165,1.2731
91.101,60.247,0.63442,88.885,60.828,0.66333,71.722,56.84,0.92853
129.15,60.303,-0.06236,115.53,64.063,0.24448,100.52,54.447,0.14819
119.09,51.579,0.17913,119.46,60.498,0.030561,89.068,55.352,0.84604
131.39,68.705,-0.0076637,91.218,70.618,0.66846,77.912,66.416,0.96645
96.699,65.662,0.47315,78.094,66.418,0.95879,77.943,64.422,0.94932
107.24,62.947,0.47074,81.591,58.429,0.80239,71.499,56.541,1.032
92.348,66.696,0.43047,63.989,61.416,1.1766,52.011,53.198,1.6059
107.35,56.2,0.29047,79.724,58.145,0.73703,65.021,50,1.1564
108.36,65.85,0.44761,78.379,60.186,0.8062,73.565,58.829,0.91246
105.62,60.749,0.40756,85.106,58.165,0.82392,73.025,55.831,1.2419
120.24,56.89,0.084235,95.679,54.95,0.30767,79.914,49.881,0.53651
94.993,62.549,0.84283,76.955,59.982,1.1725,72.137,59.479,1.4424
114.32,75.127,0.035185,123.19,75.955,-0.11059,94.318,78.041,0.37869
114.36,69.735,0.30839,93.403,65.931,0.54235,87.117,61.938,0.67075
67.495,74.444,1.1642,57.696,69.168,1.4513,60.594,63.069,1.3711
102.58,67.712,0.0695,70.488,53.065,0.67471,61.646,48.133,0.89873
102.88,56.098,0.23721,75.852,52.476,0.62395,69.663,51.232,0.84363
92.127,62.259,0.5989,89.948,55.991,0.22361,88.39,62.915,0.45156
93.518,63.363,0.59987,46.377,51.614,1.8729,37.16,45.352,2.5203
98.177,48.318,0.72748,101.11,45.907,0.58525,90.585,41.798,0.56894
125.3,50.765,-0.13278,119.59,58.434,-0.11142,102.69,52.675,0.52101
115.61,66.106,0.050572,87.852,59.098,0.45698,77.415,52.928,0.63146
163.85,57.033,-0.96125,181.74,59.917,-1.4784,171.24,61.613,-1.3641
83.007,49.196,0.57812,82.909,52.865,0.31601,69.976,41.117,0.61599
114.3,59.94,0.2228,93.139,59.451,0.60878,92.008,56.831,0.54339
109.39,70.193,0.40734,79.148,61.482,0.90102,67.102,56.86,1.1983
121.28,62.709,0.099503,101.72,56.892,0.32719,92.391,54.728,0.43016
89.02,53.02,0.57389,58.834,51.387,1.1535,52.298,47.519,1.5092
179.87,45.556,-1.7987,192.01,46.467,-2.3521,193.27,49.865,-2.3106
118.86,66.354,0.21533,95.801,63.775,0.58175,75.047,58.204,0.96694
87.851,65.233,0.71953,69.942,59.692,1.1915,61.402,60.917,1.3562
92.213,62.067,0.65493,69.59,53.859,1.0021,61.759,52.417,1.3132
85.668,63.24,0.72541,67.922,56.421,1.1148,63.458,54.456,1.2686
96.089,65.865,0.51186,84.697,65.273,0.67078,71.023,59.079,0.89349
83.414,60.59,0.85965,69.771,52.662,1.1202,53.39,45.175,1.6302
141.53,58.688,-0.34083,128.57,60.696,-0.10185,111.25,58.421,0.29593
93.609,59.039,0.61943,77.338,57.633,0.84756,58.494,51.589,1.2985
98.24,45.107,0.29266,99.16,46.488,-0.0042309,87.654,60.306,0.48707
78.717,54.463,1.0394,80.548,56.205,0.96001,61.287,51.474,1.2756
90.136,63.466,0.62818,101.37,66.906,0.3525,71.07,60.992,1.1269
101.57,65.671,0.45124,91.909,63.346,0.5658,83.949,58.253,0.74394
105.53,50.353,0.37754,98.897,52.484,0.69805,92.928,48.802,0.84502
102.99,65.365,0.40129,103.97,69.008,0.3847,93.444,61.833,0.39978
118.96,56.423,0.39255,107.15,60.232,0.47156,90.278,61.366,0.78145
104.21,76.031,0.26817,100.19,79.989,0.31129,98.175,81.701,0.4248
132.04,63.248,0.085947,116.41,63.96,0.26851,102.48,62.526,0.39825
117.68,49.278,0.033019,95.003,47.083,0.39561,84.618,42.968,0.61926
114.35,46.109,0.30496,106.12,43.167,0.32685,95.854,45.307,0.73595
93.481,59.551,0.59952,79.143,52.552,0.80842,70.71,49.545,0.96395
113.16,61.502,0.26071,97.484,57.467,0.32045,102.14,62.813,0.39158
138.15,64.843,-0.57923,163.81,46.27,-1.2499,178.48,44.304,-2.1716
108.27,52.278,-0.11782,138.67,37,-0.79166,143.05,34.473,-1.1055
109.73,70.704,-0.32877,106.59,55.27,-0.16568,111.67,32.933,-0.025967
122.01,53.666,-0.3397,143.79,41.902,-0.84441,162.17,39.807,-1.4005
110.21,61.465,-0.12111,57.876,48.306,1.0099,72.893,43.647,0.78964
120.68,74.992,-0.092289,136.83,50.054,-0.4082,153.33,46.974,-1.4743
104.99,58.078,0.11525,133.85,52.105,-0.78125,133.72,56.255,-0.80432
131.24,40.287,-0.78872,123.01,40.668,-0.79379,98.016,36.451,0.30387
85.864,68.502,0.21791,85.733,64.819,0.19237,81.438,56.942,0.21412
76.615,58.751,0.49782,80.104,43.116,0.80702,82.741,42.886,0.48888
56.389,52.199,1.3252,87.468,47.938,0.72266,117.33,63.591,-0.32302
77.898,59.829,0.58309,100.76,50.701,0.42071,135.52,64.334,-0.46724
92.599,44.418,0.26283,107.97,44.607,-0.26276,126.63,47.289,-0.7325
75.662,63.148,0.9284,83.299,64.328,0.96637,86.098,67.328,0.78438
93.457,67.989,0.2713,117.84,58.152,-0.10109,109.07,64.672,-0.11174
95.908,55.614,0.39681,79.11,48.071,1.0943,89.037,46.338,0.87173
138.4,49.524,-0.78971,151.14,52.804,-1.0167,155.38,55.932,-0.96871
119.05,51.593,0.073276,118.58,50.406,0.061354,131.38,55.264,-0.078037
106.75,75.467,0.063804,122.26,61.114,-0.41222,121.66,57.255,-0.70772
122.58,51.603,-0.35407,125.07,42.562,-0.68069,124.97,40.283,-0.59416
87.902,55.173,1.0321,81.551,53.9,1.1464,97.658,49.11,0.78445
74.614,52.109,0.727,111.23,46.789,-0.077562,130.57,57.503,-0.29215
159.06,45.025,-1.6161,149.96,41.006,-1.2865,139.71,31.976,-1.6564
120.66,61.438,0.17145,118.63,61.935,0.22756,117.1,64.396,0.26512
103.84,55.313,0.093198,115.96,45.886,0.48756,118.78,42.567,0.44724
97.135,45.58,0.76561,148.62,29.015,-0.31532,175.14,49.267,-0.85715
108.61,37.033,0.61511,130.27,32.572,-0.89153,149.29,35.775,-2.0875
113.41,63.51,-0.16549,120.42,58.976,-0.4357,116.96,59.974,-0.64903
94.222,50.364,0.95321,96.302,44.881,0.95176,99.147,47.517,0.83545
147.15,45.983,-0.96201,144.05,41.18,-0.60745,130.64,61.356,-0.27409
152.01,48.019,-1.4172,144.3,46.103,-1.327,144.38,51.45,-0.87924
99.092,50.493,0.65754,100.96,45.985,0.72678,116.35,61.09,-0.35082
60.092,48.322,1.6068,87.782,45.358,0.93792,110.94,66.343,-0.16786
95.994,45.087,0.5272,110.15,44.942,-0.027684,119.56,47.998,-0.52269
56.512,48.23,1.2283,82.781,45.148,0.78987,112.6,42.534,-0.086998
94.307,50.785,0.23303,117.51,40.538,0.0035121,118.83,49.114,-0.1656
115.71,45.64,-0.44039,120.88,37.923,-1.1416,118.53,41.012,-0.93674
101.43,45.482,-0.28426,141.24,32.702,-1.4695,167.36,51.202,-1.4922
145.48,48.735,-1.0954,143.69,46.336,-1.2148,129.21,44.936,-0.80855
103.77,64.031,0.05093,109.9,62.702,-0.1137,118.44,59.703,-0.27733
66.823,57.611,1.1239,75.227,45.306,1.104,91.147,46.351,0.18218
66.182,60.209,1.0024,84.907,44.256,0.63601,91.535,50.022,-0.078152
66.574,47.814,0.64961,88.29,38.636,0.33141,114.89,48.66,0.074802
130.46,58.862,-0.10918,134.82,60.659,-0.11344,119.24,67.371,0.11621
113.67,47.692,-0.59586,112.57,45.499,-0.64972,114.9,47.749,-0.77595
95.827,62.422,0.06529,114.45,40.746,-0.056692,121.24,30.975,-0.066369
89.763,59.833,0.38049,92.045,42.868,0.40004,85.412,42.174,-0.14123
107.22,69.972,-0.23662,130.03,47.226,-0.10774,135.67,30.593,-0.67094
99.654,37.418,-0.09114,118,30.759,-0.75036,128.28,35.399,-0.92822
109.5,48.889,-0.49525,115.93,44.815,-0.71711,126.43,44.137,-0.69098
73.536,42.294,0.9928,83.205,32.117,0.24392,80.845,34.898,-0.19059
145.34,29.137,-1.8624,147.45,37.203,-2.1483,146.75,43.133,-2.0776
92.531,53.122,0.17267,100.97,53.438,0.023039,78.893,50.687,0.3019
97.65,53.982,0.19866,111.73,57.096,0.1516,131.47,43.57,-0.95882
104.26,36.508,0.51924,95.035,35.726,1.1151,101.42,42.407,0.86737
81.986,48.988,1.0405,105.27,33.564,-0.14538,124.06,35.006,-1.2459
78.369,50.386,0.65235,120.26,36.588,0.20279,143.93,31.533,-0.33749
101.73,47.236,-0.64123,107.77,43.53,-0.74505,111.46,40.83,-0.4105
123.75,53.338,-0.22137,134.92,46.301,-0.77881,152.51,41.828,-0.67403
103.95,66.724,0.17122,99.523,64.661,0.26937,85.325,61.698,0.3476
91.067,31.34,0.6375,114.4,22.42,-1.0358,141.56,29.244,-1.0582
83.07,57.715,0.3013,109.51,49.056,-0.19736,134.48,54.269,-0.5582
124.44,41.172,-0.13977,152.97,39.15,-1.2105,155.67,28.874,-1.378
92.459,51.795,0.23644,84.301,43.629,0.42667,85.488,36.174,0.66302
98.081,56.549,0.21992,94.383,43.457,0.21789,108.07,33.631,-0.5103
99.806,55.096,0.45558,105.24,48.186,0.092201,116.28,50.564,-0.76883
59.062,43.922,1.1312,87.155,53.896,0.2058,74.681,44.468,0.29932
83.117,50.761,0.75825,91.677,51.857,0.48854,105.65,59.725,-0.18896
87.119,55,0.75778,99.93,52.066,0.48367,112.61,51.907,-0.33568
87.709,46.823,0.48447,102.21,47.236,0.21687,94.209,59.069,0.3051
67.058,44.73,0.73627,81.935,38.72,0.34577,82.632,48.521,0.51772
86.06,59.885,0.76439,90.445,36.015,0.56934,82.221,36.494,-0.10923
94.191,53.92,0.55308,112.72,44.388,0.62183,125.86,37.537,0.23573
108.41,42.088,0.40169,97.012,40.182,0.57473,85.976,46.949,0.75059
81.979,54.976,0.75683,98.231,49.65,0.38149,97.585,56.264,0.089452
104.54,44.4,0.69867,112.69,40.379,-0.1464,130.62,53.625,-0.5907
99.79,49.232,-0.059778,112.19,42.046,-0.66431,136.04,53.159,-0.58067
78.7,63.8,0.68194,93.934,54.027,0.73146,97.968,48.402,0.59472
78.308,54.563,0.41457,102.77,45.371,-0.46009,118.21,48.342,-0.71988
83.332,44.077,0.85539,118.9,32.709,-0.5406,146.57,43.754,-1.042
72.434,52.149,1.2585,83.86,44.981,0.85904,91.882,48.726,-0.22683
58.62,55.539,0.7463,68.403,51.58,0.61309,57.472,52.095,0.6889
63.84,45.36,1.1676,93.461,33.331,0.71092,97.381,36.565,0.38607
101.01,39.589,0.24353,117.34,38.142,-0.42969,141.46,51.903,-0.72548
128.54,59.147,0.072027,134.08,46.455,-0.17372,116.86,37.16,-0.30184
73.054,30.653,0.69569,88.364,29.962,-0.031385,98.014,37.948,-0.27414
79.629,57.705,0.25561,93.418,50.315,0.16797,92.223,39.452,-0.20687
87.686,57.985,0.3965,94.648,52.64,0.34896,95.35,47.53,0.1439
63.349,58.238,0.99494,60.044,51.963,1.058,63.967,48.988,0.65521
120.4,53.771,-0.0051544,101.93,58.237,0.1486,83.924,53.957,0.36541
115.11,42.578,0.26224,113.39,35.001,-0.65399,130.91,42.734,-1.1687
103.79,36.471,0.23419,131.69,36.519,-1.3288,155.69,46.291,-1.538
120.17,62.896,-0.13703,115.84,58.676,-0.019391,112.44,57.932,-0.15151
102.4,54.043,0.62044,120.16,45.071,0.30599,148.51,36.246,-1.5761
111.83,37.704,-0.31384,111.19,36.544,-0.85951,139.9,47.482,-1.2931
94.992,65.547,0.42266,96.63,62.061,0.49904,94.993,62.393,0.41953
90.189,48.578,-0.20452,102.43,44.115,-0.66032,102.23,42.261,-1.0097
110.98,52.043,-0.34427,130.36,50.066,-1.0911,131.17,47.626,-1.375
119.54,66.32,-0.18913,116.2,45.563,-0.29196,107.48,29.284,0.052086
76.427,47.68,0.47945,81.366,44.6,-0.075917,75.345,46.9,-0.22346
78.961,61.057,0.28663,87.23,70.14,0.28071,85.121,71.665,0.31928
111.83,46.753,-0.27942,125.1,49.916,-0.75616,146.88,73.929,-0.60258
100.04,61.328,0.12999,98.062,60.69,-0.059396,94.278,68.947,0.28247
108.3,54.469,0.12528,108.42,46.132,-0.36826,116.16,59.39,-0.14303
88.884,57.098,0.72713,104.08,50.166,0.19694,136.53,55.493,-1.0366
91.716,64.225,0.1117,87.689,60.476,0.19743,80.599,60.312,0.28798
123.45,81.142,-0.15756,117.34,81.172,-0.033292,108.12,79.701,0.11852
90.647,69.708,0.36147,85.058,66.222,0.41368,74.062,63.651,0.56417
112.9,77.401,0.32574,110.43,75.326,0.39031,104.35,70.07,0.63736
107.19,69.533,0.17657,105.74,71.458,0.34024,94.038,74.801,0.63555
103.57,80.616,0.18159,102.99,73.414,0.19824,109.69,69.973,-0.082596
98.889,64.796,0.25132,93.151,61.931,0.39219,74.654,59.484,0.9193
51.263,58.017,1.5043,71.11,47.623,1.2822,98.431,38.523,-0.13343
69.328,51.908,1.4979,89.823,47.278,0.58027,128.27,58.653,-0.83885
79.142,58.084,0.7353,94.91,55.029,-0.022705,119.17,72.062,-0.43472
107.6,86.048,0.17742,106.42,79.827,0.20105,109.68,75.519,0.018219
111.37,69.552,-0.18547,105.12,70.178,0.027987,93.684,73.159,0.49433
117.55,67.893,-0.13937,110.57,65.334,-0.26678,87.615,68.722,0.4969
117.58,57.943,-0.37803,116.25,56.845,-0.56205,122.33,72.977,-0.15671
79.129,59.215,0.98649,96.47,49.658,0.65843,149.03,44.469,-0.67821
125.37,65.197,-0.43231,124.85,62.824,-0.45005,115.62,59.052,-0.41142
106.56,52.864,0.29342,102.79,50.757,0.016643,107.04,64.557,0.16066
85.803,80.256,0.67771,87.113,77.745,0.73898,73.112,79.2,1.0689
72.144,54.918,1.195,92.135,50.107,0.30908,136.54,65.612,-0.77563
92.369,63.41,0.65823,94.726,60.808,0.64494,87.922,63.919,0.75574
122.59,64.187,-0.20576,119.67,63.066,-0.04935,113.37,71.273,0.23644
71.768,61.691,0.87792,74.722,53.302,0.48795,86.745,61.971,-0.017073
77.301,66.351,0.69635,76.911,61.129,0.40199,83.72,69.032,0.29527
107.78,64.36,0.00027499,98.582,57.56,-0.0068169,97.04,68.969,0.26477
106.67,69.16,0.25385,99.269,61.778,0.05582,97.189,67.673,0.085426
109.96,63.416,0.23095,86.712,55.379,0.49059,69.434,50.225,0.69007
89.596,50.472,0.4372,97.814,51.837,0.072558,109.39,61.87,-0.040541
83.165,59.358,0.60254,82.24,58.683,0.55156,76.141,57.125,0.67571
67.462,53.543,0.054466,27.861,20.025,0.30969,17.767,10.795,0.3901
89.691,59.618,0.76068,101.26,50.676,0.24552,92.679,50.946,-0.56845
95.307,47.996,0.34817,83.555,47.606,0.47646,59.275,40.498,1.4458
121.21,64.277,-0.18979,117.31,61.536,-0.19114,109.74,63.753,-0.13085
113.81,59.989,-0.092267,94.444,53.682,0.23347,85.002,57.781,0.48561
96.401,51.533,0.58892,107.58,45.513,-0.16636,134.58,61.389,-0.78449
102.25,68.73,0.30281,92.091,62.033,0.44788,78.714,56.225,0.68978
96.367,48.97,0.20537,105.34,48.014,-0.31774,125.45,68.359,-0.31925
87.31,48.828,0.96859,104.83,40.545,0.17603,141.46,51.336,-1.1922
89.717,61.182,0.62521,95.841,54.632,0.37777,109.23,60.128,-0.3716
82.058,60.475,0.73813,89.173,53.222,0.55175,104.3,57.144,-0.40509
37.155,35.104,2.8568,32.663,33.786,3.1611,23.315,28.256,4.5414
122.01,56.508,-0.0099492,116.67,57.163,0.13634,125.33,58.524,0.019767
84.054,63.367,0.76403,84.429,56.658,0.73139,71.228,58.302,0.81083
97.431,57.875,0.88772,109.75,52.217,0.14769,137.68,61.164,-0.96896
102.96,48.815,0.33627,71.764,52.423,0.68366,44.312,47.113,1.4471
63.124,54.463,0.95689,63.979,56.047,0.87696,61.493,55.848,0.89828
90.356,59.215,0.62824,91.036,52.731,0.43202,92.091,54.1,-0.0028353
118.53,61.52,-0.23762,126.28,60.664,-0.57863,143.96,79.4,-0.59744
102.76,58.138,-0.098268,104.27,65.417,-0.23207,121.07,80.108,-0.12078
106.47,70.397,0.57398,102.82,71.895,0.66559,93.595,74.349,0.77831
116.6,54.299,-0.20201,105.19,51.122,-0.084082,85.398,46.795,0.21963
130.17,71.869,0.17395,126.61,73.139,0.24683,125.44,74.63,0.28663
90.9,58.064,0.76862,77.958,58.693,1.0519,77.754,60.107,1.0242
140,65.764,-0.70154,139.39,66.243,-0.63643,142.51,78.679,-0.4336
106.71,55.256,0.05414,96.081,58.799,0.17384,90.011,61.694,0.28755
78.564,51.155,0.83861,75.335,50.642,0.88387,59.604,46.249,1.3222
95.468,62.996,0.18579,89.265,62.133,0.18664,88.452,68.279,0.38189
97.563,73.744,0.46493,93.532,72.281,0.47821,87.916,69.772,0.54195
70.968,48.934,1.3647,81.872,44.653,0.85368,100.95,53.89,-0.025918
76.654,53.516,1.0857,93.987,47.823,0.47209,129.93,53.727,-0.51894
101.73,76.722,0.49506,98.281,78.833,0.55712,94.785,80.822,0.58833
116.23,58.42,-0.20556,112.37,56.659,-0.17754,105.21,56.52,-0.081234
120.35,52.204,-0.13932,108.61,50.417,-0.010524,97.44,49.772,0.18852
76.923,48.022,1.0409,63.455,51.469,1.0929,47.434,46.974,1.4302
86.602,66.079,0.62266,76.922,63.169,0.71391,67.825,60.517,0.85158
109.45,56.15,-0.013967,124.54,56.001,-0.58396,141.29,65.447,-0.88897
128.51,48.557,-0.40204,133.09,50.568,-0.54456,140.2,61.654,-0.56589
99.782,59.886,0.42756,109.11,56.634,-0.18132,128.2,69.093,-0.6212
50.287,55.347,1.3349,48.276,52.612,1.3492,35.239,44.648,1.8283
53.139,63.222,1.2561,50.168,60.189,1.2544,45.823,55.042,1.3492
91.859,70.377,0.30267,94.28,63.516,0.31263,100.59,56.407,-0.24545
69.055,80.056,1.0761,68.326,77.474,1.0954,61.95,76.159,1.3078
107.35,51.043,-0.073224,97.635,49.182,0.038205,94.755,49.041,0.068714
91.526,49.39,0.2023,102.15,51.38,-0.34163,128.22,74.939,-0.32545
88.811,50.341,0.29033,94.598,50.863,0.00031501,108.7,73.929,0.086971
89.316,47.607,0.28198,105.7,48.767,-0.47967,128.43,68.962,-0.43276
92.577,59.277,-0.082647,102.43,60.493,-0.33714,107.95,72.29,0.039394
107.41,50.827,0.3599,105.58,50.492,0.4608,87.287,56.666,0.66568
117.48,71.804,0.082743,110.63,74.201,0.20769,99.109,76.635,0.37295
118.12,61.318,-0.1459,116.3,63.856,-0.1246,100.6,69.317,0.31911
126.76,49.588,-0.63697,127.2,50.743,-0.85309,123,65.216,-0.12105
128.3,52.668,-0.3611,131.65,49.953,-0.99972,130.43,68.182,-0.31038
108.2,59.657,0.18707,109.97,58.208,-0.010399,106.13,68.135,0.39026
116.44,45.513,-0.27469,126.28,48.037,-0.74876,131.43,70.283,-0.15031
103.52,53.24,0.10379,113.41,46.64,-0.50034,126.7,64.372,-0.36837
101.41,61.393,0.25575,99.365,60.737,0.28569,95.824,72.304,0.40625
121.85,52.355,-0.47118,106.47,46.652,-0.026268,94.267,46.874,0.12258
138.14,68.218,-0.50247,136.41,73.29,-0.30616,133.44,75.704,-0.18087
104.29,41.865,0.38064,115.13,40.539,-0.46667,142.14,65.304,-0.48941
113.95,50.889,-0.54437,123.82,55.432,-0.74269,137.19,74.218,-0.36709
49.743,44.431,1.1278,58.477,49.331,0.72696,59.129,48.751,0.79143
102.1,49.891,0.23701,106.05,53.062,0.10801,107.53,56.929,0.081505
96.033,75.605,0.071881,90.086,74.401,0.18726,75.608,68.486,0.50375
110.71,49.079,0.12726,125.6,47.036,-0.81537,142.65,69.86,-0.58242
111.77,52.149,-0.42221,132.64,61.683,-0.64269,140.32,75.059,-0.53778
80.454,60.955,0.64557,60.921,61.877,1.0641,64.872,59.958,1.0528
74.231,65.357,0.42888,84.108,67.448,0.11099,102.63,78.237,0.22475
91.384,65.892,0.38863,72.431,67.916,0.66203,79.55,72.15,0.70274
74.894,62.52,0.50024,56.656,56.947,1.096,63.245,56.921,0.80833
79.47,62.146,0.59272,78.038,61.702,0.38598,91.936,70.054,0.075701
95.658,64.782,0.43571,90.205,64.319,0.44291,97.192,63.742,0.25063
126.97,73.522,-0.26601,90.803,79.563,0.44185,98.701,77.401,0.40874
88.393,67.001,0.4397,85.865,62.144,0.48157,85.088,64.839,0.59892
103.93,77.475,0.11554,97.765,70.421,0.27266,106.43,66.758,0.18003
98.784,66.687,0.37219,98.948,69.44,0.27065,116.87,70.298,-0.017995
97.974,74.078,0.31476,89.611,69.222,0.24429,102.72,76.357,0.18248
109.07,66.328,0.16975,97.682,63.407,0.31806,96.5,77.415,0.38084
78.813,62.15,0.56765,90.935,62.864,0.21534,115.94,77.53,0.053649
112.12,68.048,-0.067159,93.701,77.657,0.32058,106.92,80.782,0.21974
90.356,67.824,0.67711,81.998,67.842,0.73681,93.462,72.203,0.63635
88.526,71.278,0.68156,77.068,70.53,0.87712,85.318,70.836,0.67588
122.5,74.382,-0.43605,90.229,83.266,0.34339,98.832,82.239,0.31251
90.774,69.644,0.34131,47.529,51.548,1.3337,54.515,52.256,1.3198
97.178,61.359,0.44372,81.969,61.107,0.57638,75.965,55.132,0.59577
93.051,64.194,0.79567,90.064,58.136,0.75762,89.513,57.397,0.77943
129.46,73.047,-0.3965,78.612,79.734,0.63694,88.341,79.127,0.55137
91.138,67.404,0.76798,92.203,68.837,0.3273,101.91,71.288,0.096
75.514,74.702,0.83735,65.352,72.678,1.1124,69.172,67.05,0.85462
90.711,78.324,0.54839,97.232,74.684,0.48931,110.71,71.58,0.23578
96.877,72.221,0.2504,86.475,66.413,0.44761,71.698,62.875,0.95285
107.97,78.197,0.1882,93.054,71.239,0.50394,101.39,75.211,0.39991
100.31,70.907,0.27406,89.88,65.404,0.36143,65.556,63.564,0.9546
92.621,74.285,0.18755,63.376,70.713,0.8758,64.24,69.563,0.8821
90.101,63.499,0.39776,88.375,57.39,0.016261,99.013,64.495,0.064793
75.579,74.118,1.0417,79.397,74.002,0.93319,70.134,62.366,0.65959
106.88,71.938,0.068963,78.659,73.369,0.65768,85.161,76.561,0.68728
110.13,62.118,-0.046188,88.867,64.997,0.24847,97.286,66.914,0.27345
141.15,63.113,-0.57138,82.667,75.165,0.43471,86.381,70.667,0.5008
82.595,69.601,0.47027,106.47,65.593,-0.016852,117.65,70.655,-0.1644
132.53,68.128,-0.33581,102.99,79.743,0.21026,110.7,77.651,0.12995
111.78,78.973,0.0017362,105.02,82.173,0.1147,112.25,81.9,0.0020407
101.49,67.141,0.26301,99.395,67.449,0.26509,104.34,66.297,0.19353
110.26,64.987,0.13093,109.71,69.231,0.024791,115.76,73.101,-0.0068839
110.81,57.993,0.16975,113.92,58.267,-0.26207,125.95,72.079,-0.13917
76.926,67.282,0.93799,70.804,65.443,1.079,69.21,64.593,1.1668
93.437,71.066,0.33114,87.806,70.141,0.31901,88.779,69.306,0.41552
88.979,71.09,0.52016,76.391,68.891,0.68591,86.557,73.722,0.59189
108.52,72.578,0.26032,98.247,74.83,0.50819,92.023,75.386,0.62114
106.87,65.913,0.26328,117.46,56.82,-0.39972,126.9,70.821,-0.23543
80.94,73.685,0.36602,50.116,55.992,1.0041,68.106,62.819,0.96282
91.483,71.438,0.30325,86.87,70.592,0.23471,88.55,71.608,0.26157
115.05,65.294,0.027117,81.306,68.886,0.66886,88.861,69.08,0.63057
122.39,54.344,0.082259,101.39,61.623,0.19849,102.26,68.492,0.32022
97.097,72.155,0.37513,83.576,63.888,0.7261,70.902,62.43,1.0664
101.64,57.441,0.23394,93.003,55.097,0.16799,86.788,53.733,0.28056
85.728,71.405,0.78725,83.387,58.415,0.60475,70.768,51.819,0.71756
83.087,78.532,0.58076,79.363,74.821,0.63444,87.007,76.169,0.51387
101.78,67.153,0.085225,88.933,67.663,0.38963,94.139,75.919,0.50291
93.397,58.872,0.41839,98.742,58.773,0.56082,95.43,65.849,0.73981
119.94,68.695,-0.14249,87.38,62.65,0.54586,97.609,74.134,0.6105
92.991,58.95,0.15411,82.298,58.061,0.20557,78.312,56.755,0.25556
87.024,71.311,0.43724,79.523,71.052,0.60688,76.476,72.04,0.76804
130.15,65.042,-0.369,119.38,77.297,-0.080817,124.17,78.997,0.066144
64.411,51.942,1.1364,70.363,60.832,0.62463,78.303,69.847,0.58769
109.8,58.698,0.055602,102.97,57.945,-0.19699,105.31,64.39,0.061877
75.944,65.666,0.73618,71.629,56.525,0.8946,61.453,57.469,1.1301
139.98,64.718,-0.53539,124.05,73.866,-0.18574,128.89,71.54,-0.163
98.293,76.532,0.33433,93.142,76.682,0.40971,89.54,73.617,0.51748
106.71,63.462,0.090149,112.29,67.007,-0.010087,111.97,72.285,0.13999
123.69,67.598,-0.51881,98.615,81.156,0.19757,107.52,81.853,0.21751
117.89,56.009,0.055059,107.69,54.353,0.050666,102.97,56.605,0.080889
80.804,67.24,0.66255,65.684,54.387,0.8899,58.422,52.071,1.2921
104.16,77.078,0.22975,105.55,73.37,0.057157,109.93,77.568,0.024669
117.03,56.602,-0.23284,86.797,71.34,0.19177,97.217,78.249,0.37764
84.032,65.019,0.84286,78.005,60.269,1.0096,74.887,62.862,1.0306
114.55,74.58,0.033945,82.716,53.079,0.68885,87.553,58.976,0.67318
83.265,73.909,0.94724,79.991,68.222,0.48723,96.044,75.79,0.24718
112.83,78.931,-0.088226,80.276,76.824,0.64893,75.639,71.906,0.70954
86.702,69.96,0.2921,104.37,67.471,0.15009,124.46,64.869,-0.28781
137.42,69.015,-0.11413,87.986,77.492,0.77282,88.998,76.095,0.69858
93.003,61.713,0.30738,88.52,62.161,0.21773,93.071,70.745,0.36607
121.28,72.491,-0.149,62.818,66.054,1.079,75.969,72.171,1.1943
125.98,71.35,-0.27017,72.479,61.85,0.61231,80.39,63.359,0.83787
111.82,70.484,0.23884,104.12,69.757,0.17348,104.29,72.651,0.10548
103.83,63.733,0.43114,109.63,60.158,0.27458,98.309,61.473,0.42584
114.63,68.567,-0.18075,105.79,69.75,-0.018217,109.42,67.506,-0.11921
122.06,67.67,-0.20021,96.764,75.104,0.25259,102.67,76.613,0.29875
116.16,81.241,0.10478,84.027,73.515,0.51298,98.844,79.615,0.41693
108.64,68.574,0.02583,111.07,69.957,0.0197,103.47,71.172,0.34166
111.04,76.911,0.12854,109.1,68.44,0.0048772,114.29,63.16,0.037523
112.91,61.081,-0.36733,65.952,74.444,0.64876,83.391,82.129,0.67282
109.31,76.389,0.093256,106.28,72.371,0.018235,114.98,79.127,-0.067745
65.842,68.508,1.1704,83.058,67.125,0.73253,84.219,69.877,0.66434
87.449,67.211,0.62174,86.978,60.586,0.29204,107.16,73.922,0.11223
111.77,65.327,0.07487,101.07,65.83,0.4479,88.976,67.775,0.70223
93.792,69.643,0.66744,85.245,69.99,0.64425,84.931,71.754,0.54238
100.06,67.311,0.36533,99.902,70.199,0.46965,97.004,79.001,0.43163
102.42,64.045,0.16257,80.196,75.326,0.47844,86.204,82.853,0.56151
102.31,80.069,0.1349,92.996,67.429,0.23674,64.101,49.083,0.81977
112.48,68.973,0.089812,94.249,64.401,0.39689,71.716,49.319,0.5353
96.222,66.347,0.30582,93.769,62.682,0.28093,91.932,65.395,0.31158
94.737,74.455,0.22748,73.806,63.181,0.63668,74.315,61.114,0.80782
90.12,75.249,0.49612,71.685,62.813,0.92332,67.257,58.63,0.96216
90.113,78.166,0.37261,81.864,64.893,0.32814,73.097,61.418,0.6121
116.73,71.734,-0.10037,92.289,67.041,0.38146,87.165,62.097,0.53525
210.68,47.748,-2.5718,206.3,52.164,-2.4575,200.54,57.888,-2.1189
207.71,46.499,-2.391,199.93,55.931,-2.098,191.48,65.557,-1.6276
214.8,32.835,-2.4648,192.07,51.131,-1.5136,178,66.432,-1.0371
203.8,50.678,-2.6004,207.41,47.28,-2.6799,211.11,42.212,-2.8495
198.26,60.703,-1.8947,198.46,59.294,-1.9209,193.99,56.721,-1.5941
202.74,55.282,-1.9731,201.5,55.796,-1.9654,188.69,57.631,-1.4129
207.38,48.447,-2.2502,201.32,53.505,-2.0947,185.99,68.387,-1.5472
218.02,29.955,-3.4979,209.45,42.436,-2.8828,201.89,51.38,-2.1724
178.86,67.448,-1.0166,173.59,68.195,-0.94196,161.82,74.888,-0.67794
200.89,61.139,-2.0044,200.22,58.656,-1.9739,195.83,65.715,-1.7659
194.96,59.279,-1.65,186.17,76.768,-1.6005,181.87,73.25,-1.4575
203.52,52.306,-2.0957,195.31,53.722,-1.8802,179,60.855,-0.92547
193.25,57.943,-1.7637,196.81,54.084,-1.814,190.78,60.289,-1.5743
220.65,26.407,-4.2497,214.01,41.686,-3.2212,203.1,52.182,-2.4303
196.68,64.191,-1.8488,195.23,64.235,-1.8355,187.65,62.374,-1.4598
204.75,47.462,-2.5757,203.72,49.271,-2.4366,194.53,53.795,-2.026
208.25,47.382,-2.9719,210.53,46.439,-2.9575,202.61,55.538,-2.2598
205.17,50.328,-2.3399,203.36,49.44,-2.237,195.9,58.855,-1.8722
208.27,45.239,-2.2554,201.11,55.326,-1.9599,192.69,64.445,-1.6713
200.34,57.279,-1.9912,201.85,54.855,-2.0256,192.87,66.358,-1.7234
214.54,42.194,-2.9277,214.5,39.531,-2.8608,207.07,55.903,-2.4086
214.73,34.914,-3.2262,206.42,45.703,-2.6041,195.9,57.877,-1.941
183.14,63.557,-1.1601,179.26,69.899,-1.0632,171.87,72.175,-0.84836
214.82,39.707,-3.5377,215.07,34.161,-3.7749,203.58,46.396,-2.705
197.44,49.998,-1.8615,191.59,58.131,-1.6535,181.7,67.14,-1.2592
199.13,41.301,-2.702,200.17,44.593,-2.711,197.53,41.957,-2.431
189.5,60.554,-1.2723,179.43,73.446,-1.0958,172.02,74.991,-0.95977
213.92,41.344,-2.8379,209.87,50.201,-2.6889,204.61,59.574,-2.296
195.79,57.103,-1.6848,189.16,62.684,-1.5172,187.89,64.46,-1.3949
207,48.327,-2.1526,207.19,47.327,-2.1736,199.39,61.134,-1.9265
210.64,36.738,-2.633,202.13,49.123,-2.1088,195.93,60.777,-1.8105
213.41,42.66,-3.0922,212.57,42.083,-3.0853,204.16,43.441,-2.1016
204.83,42.891,-2.2769,197.45,55.284,-2.0442,189.45,64.567,-1.7012
208.3,45.892,-2.5782,197.57,52.291,-2.0078,188.18,62.34,-1.5363
213.17,37.762,-3.1177,211.17,42.013,-2.9885,201.93,49.112,-2.4402
212.99,37.535,-2.7252,209.24,42.04,-2.5688,198.23,57.918,-2.0024
199.1,56.557,-1.8593,195.66,57.319,-1.7098,189.63,65.816,-1.5527
207.78,44.439,-2.3383,202.02,47.783,-2.1296,189.53,57.123,-1.407
205.83,47.042,-2.1879,198.98,60.138,-2.0206,193.49,61.626,-1.6589
217.73,36.078,-3.452,215.55,36.006,-3.357,207.09,48.891,-2.4848
192.33,60.637,-1.4447,192.24,61.685,-1.4541,187.9,62.642,-1.3301
204.6,50.459,-2.1737,204.31,49.402,-2.1462,192.34,60.592,-1.5311
206.43,47.097,-2.2123,200.97,55.496,-2.0343,193.14,64.724,-1.7868
200.51,52.547,-1.9223,192.28,61.451,-1.7359,181.52,66.833,-1.3321
204.14,40.95,-2.259,198.61,54.468,-2.2418,189.48,60.032,-1.6071
196.08,57.126,-1.5456,192.21,61.112,-1.4559,180.9,63.807,-1.1947
210.03,40.674,-2.5211,202.71,51.683,-2.2227,193.49,63.266,-1.8798
204.76,46.484,-1.7991,199.01,53.849,-1.6855,188.21,68.35,-1.4803
203.02,51.761,-2.0487,202.12,53.886,-2.0693,202.88,54.454,-2.0759
190.06,64.669,-1.2853,186.48,65.994,-1.2518,176.05,76.253,-1.0142
211.28,41.292,-2.6568,205.99,48.506,-2.4707,190.41,62.253,-1.7649
204.97,51.184,-2.4984,200.52,53.973,-2.3831,195.44,53.213,-1.9985
198.08,56.922,-1.953,192.3,61.16,-1.738,186.97,68.506,-1.5712
209.55,51.952,-2.6604,208,52.827,-2.6723,205.97,54.359,-2.439
204.35,56.322,-2.4426,203.14,55.391,-2.3978,200.7,58.063,-2.2319
184.08,67.427,-1.2426,173.47,75.981,-1.0726,159.46,84.096,-0.79663
208.58,47.433,-2.6963,206.27,54.212,-2.5709,201.67,60.71,-2.3381
205.23,48.23,-1.9535,200.06,54.089,-1.8667,190.45,66.644,-1.5995
203.92,46.403,-2.0721,190.93,57.394,-1.6088,174.59,71.106,-0.91587
208,51.894,-2.3478,192.6,57.365,-1.838,180.93,66.867,-1.1955
214.4,39.733,-2.8053,208.87,50.365,-2.5394,202.58,60.9,-2.2302
199.08,54.316,-2.1101,189.29,62.339,-1.763,178.78,68.936,-1.326
207.19,52.175,-2.495,189.58,57.807,-1.7809,177.73,65.78,-1.1575
214.86,40.301,-3.4543,209.31,42.7,-2.9709,197.41,56.101,-1.7686
208.99,47.093,-2.6274,201.97,60.797,-2.3093,201.27,64.053,-2.1431
205.68,49.758,-2.6129,200.23,58.072,-2.2475,193.19,66.124,-1.8883
206.21,46.625,-2.5936,203.84,46.263,-2.4762,190.33,56.78,-1.6151
209.83,49.326,-2.556,206.71,51.74,-2.4685,199.51,60.929,-2.0838
201.52,57.955,-2.0583,197.61,57.263,-1.9135,197.46,55.286,-1.8023
217.07,37.696,-3.6942,214.68,40.4,-3.4967,210.82,47.393,-3.106
199.95,52.488,-1.794,196.19,57.697,-1.6887,188.1,67.093,-1.4261
201.93,50.646,-2.0197,193.82,63.489,-1.8841,192.55,68.334,-1.8104
208.63,51.298,-2.658,204.3,53.89,-2.3684,200.02,56.41,-1.8974
202.74,55.554,-2.1139,200.16,56.01,-1.9876,197.18,58.418,-1.7158
217.34,30.593,-3.154,209.42,46.337,-2.9256,202.75,53.468,-2.3003
196.47,62.309,-1.608,184.37,75.3,-1.4258,175.94,80.771,-1.2211
207.6,48.342,-2.4659,202.89,50.979,-2.222,196.43,54.615,-1.6529
211.23,36.409,-2.3631,207.83,44.517,-2.3003,208.05,49.803,-2.1733
205.97,41.548,-2.5945,200.36,49.047,-2.3012,194.34,58.557,-1.8577
209.12,42.622,-2.4219,200.41,54.008,-2.1961,189.48,62.357,-1.6318
206.33,52.057,-2.2598,201.7,56.059,-2.101,198.35,57.917,-1.9578
211.66,46.225,-2.5994,209.69,48.398,-2.5539,206.26,51.776,-2.3612
199.79,50.012,-1.9828,192.18,56.032,-1.7186,183.14,65.679,-1.4373
207.4,49.911,-2.2855,203.43,51.071,-2.1379,204.7,49.126,-2.1967
203.98,55.631,-2.0331,200.41,56.519,-1.9275,196.73,56.758,-1.6738
194.88,55.231,-1.7395,185.04,65.317,-1.5295,172.34,70.932,-1.0975
195.28,65.325,-1.6182,191.82,65.396,-1.6004,176.02,67.712,-1.0082
202.88,57.657,-2.0444,201.89,53.519,-2.0771,192.65,56.901,-1.7631
203.61,55.4,-1.9882,205.36,49.702,-2.1549,192.38,66.883,-1.6666
207.39,51.426,-2.258,202.4,55.724,-2.1812,196.76,60.157,-1.999
204.3,51.44,-2.2332,200.78,48.777,-2.0126,190.81,57.185,-1.3665
209.14,45.507,-2.4124,201.53,56.824,-2.1429,197.02,61.314,-1.9667
198.35,57.991,-2.018,192.26,60.713,-1.8509,186.44,62.006,-1.5816
215.02,32.028,-3.7667,206.39,41.736,-2.9517,187.52,56.329,-1.5151
212.72,39.787,-2.9038,207.69,46.68,-2.712,199.57,53.503,-2.2117
207.62,49.408,-2.3524,202.66,50.947,-2.1959,188.2,61.988,-1.3889
211.83,45.095,-2.8125,207.25,46.06,-2.6618,198.52,52.865,-2.2057
209.73,39.103,-2.4974,201.82,49.547,-2.1436,190.34,61.255,-1.5144
210.13,47.514,-2.4827,208.31,50.019,-2.4408,202.7,49.695,-1.9774
201.64,53.628,-1.892,200.5,54.551,-1.8978,188.34,69.821,-1.5712
126.21,55.567,-0.70596,137.31,61.17,-0.49228,115.01,66.454,0.2871
138,63.036,-0.44212,144.34,59.993,-0.60009,99.208,59.87,0.45927
93.833,52.543,0.3465,125.45,58.46,-0.23504,119.65,78.52,0.17008
121.91,70.732,0.062522,114.28,53.711,-0.017485,67.6,40.756,1.6295
132,52.272,-0.21111,125.63,53.049,0.088905,112.59,55.192,0.46569
123.05,72.232,0.39437,136.48,71.134,0.037781,107.69,84.526,0.62678
149.89,57.955,-0.40045,139.8,54,-0.39921,124.88,54.697,-0.086673
134,49.539,-0.79929,147.72,56.885,-0.52641,112.85,80.734,0.37764
158.58,57.357,-0.80306,149.69,59.734,-0.47704,106.01,77.547,0.65294
108.92,46.069,-0.34704,116.77,50.154,-0.65997,66.324,44.155,1.4254
150.55,57.147,-0.57536,132.29,44.26,-0.57321,117.64,47.796,-0.24327
79.49,55.742,1.5883,105.26,55.06,0.82755,65.62,62.879,1.9018
106.16,51.976,0.24572,118.03,53.158,0.138,73.329,46.597,1.1726
127.07,46.463,-0.44329,132.31,40.629,-0.77855,107.25,54.48,0.48877
121.14,52.087,-0.12533,126.33,35.214,-0.51213,91.132,33.575,0.55177
139.25,51.281,-0.10419,113.71,47.871,0.7101,71.264,54.861,1.9199
119.88,65.006,0.045865,112.56,67.348,0.21732,88.947,58.951,0.69933
145.94,71.327,-0.56095,137.33,69.561,-0.45844,124.28,72.639,-0.13335
140.19,60.189,-0.35839,124.04,56.266,-0.29311,111.09,46.828,-0.28887
120.61,56.812,-0.10466,103.62,51.52,0.091778,85.641,49.864,0.68937
113.85,69.866,0.084233,99.273,54.939,0.1306,97.668,54.963,0.12383
164.95,58.179,-0.87427,151.6,51.783,-0.67629,122.73,57.606,-0.06236
133.38,58.99,-0.0098916,131.28,56.917,0.010745,100.1,64.323,1.032
171.38,48.299,-1.8187,161.81,48.933,-1.2283,138.3,68.405,-0.10352
127.1,58.509,-0.61298,124.39,64.273,-0.16009,102.16,67.929,0.57816
128.33,53.593,-0.47593,106.37,48.017,-0.22744,91.161,58.181,0.77021
131.08,58.179,-0.45216,132.14,59.126,-0.33881,107.61,68.215,0.60744
129.73,57.413,-0.26356,126.05,56.277,-0.32656,114.33,60.092,0.18637
115.75,70.945,0.23164,103.41,56.479,0.31507,92.045,56.224,0.34238
161.11,49.473,-0.74061,142.75,44.291,-0.69499,129.54,53.845,0.10852
166.69,57.091,-1.3061,142.14,58.075,-0.512,130.82,62.815,-0.038294
153.08,46.485,-0.8682,138.07,40.598,-0.68788,130.67,40.836,-0.59702
140.02,36.765,-0.48653,122.3,39.704,-0.79384,132.4,53.127,0.03573
149.29,38.85,-0.95428,108.93,38.11,-0.47452,84.652,58.234,0.64006
130.86,67.528,-0.21816,114.56,51.417,-0.27762,103.5,46.91,-0.33803
114.75,53.437,0.45302,118.1,48.262,0.09527,84.898,52.404,1.1978
138.25,38.564,-0.34287,131.6,30.721,-1.0939,102.01,44.433,0.62341
128.27,55.115,-0.4999,105.63,48.531,-0.30723,94.154,59.36,0.65195
159.67,59.079,-0.6932,144.3,54.712,-0.38468,123.72,53.543,-0.15535
140.65,55.47,-0.41104,147.28,53.324,-0.82266,133.05,62.68,-0.16546
131.93,44.884,-0.75039,121.3,45.505,-0.75393,134.9,71.346,-0.12158
111.47,43.435,-0.49631,126.23,50.283,-0.78029,75.514,33.365,0.67773
131.27,56.906,-0.30856,124.45,58.838,-0.035282,106.23,55.646,0.4306
137.27,62.029,-0.35493,121.15,58.862,-0.24039,113.96,51.462,-0.31694
154.19,56.748,-0.68744,137.09,47.511,-0.42687,119,56.925,0.10921
111.51,45.218,0.01418,92.609,41.723,0.069524,99.865,55.812,0.6233
136.72,66.889,-0.32007,122.26,53.778,-0.22718,109.27,58.729,-0.041905
138.57,33.404,-0.81705,126.95,38.063,-1.0325,106.81,59.777,0.4111
165.43,54.522,-1.3027,145.15,55.64,-0.48131,134.3,64.147,0.0021659
150.76,66.033,-0.55676,137.32,67.121,-0.35942,119.52,57.052,-0.26552
127.6,66.126,0.16645,123.88,62.502,0.3321,97.092,74.651,0.89658
102.28,57.553,0.269,102.51,60.596,0.26254,68.74,51.368,1.3204
131.79,45.339,-0.61881,119.68,44.982,-0.63332,131.98,69.641,-0.025342
161.22,48.924,-1.1978,157.27,52.683,-0.9625,139.98,64.35,-0.102
121.67,55.151,0.31077,114.64,54.218,0.43686,86.864,60.922,1.3981
117.78,59.421,-0.35403,110.66,59.11,-0.041217,92.052,58.532,0.68583
138.11,44.737,-0.92567,130.86,47.706,-0.91282,142.48,74.087,-0.24106
120.04,59.608,0.045496,114.01,53.233,0.006786,120.21,51.034,-0.24128
169.1,51.648,-1.0863,155.99,49.264,-0.83623,137.26,46.155,-0.72259
108.19,48.428,0.21139,120.66,48.885,-0.41318,113.74,65.165,0.20515
127.15,55.755,-0.23549,120.89,56.232,-0.093602,106.42,52.516,0.21151
163.62,52.277,-1.386,150.49,54.33,-0.77982,126.3,74.013,0.1602
119.56,52.015,-0.19381,113.96,45.549,-0.41166,72.119,38.37,1.5458
120.43,45.972,-0.26318,102.12,43.76,-0.028223,92.94,54.064,0.7045
162.15,58.82,-0.88383,150.17,52.542,-0.61728,121.79,61.002,0.033218
140.68,47.237,0.14672,145.1,40.6,-0.85482,145.58,69.198,-0.2106
126.3,70.375,0.1058,122.12,59.169,-0.072971,74.473,44.449,1.3327
119.75,71.176,0.077499,117.73,54.972,-0.065098,67.024,41.382,1.5989
123.75,46.073,-0.24163,142.34,52.494,-0.56539,96.628,42.487,0.57246
123.61,65.994,-0.14632,99.263,48.525,-0.064622,85.186,49.466,0.099722
118.39,40.227,-0.67973,119.08,37.458,-1.1966,112.16,56.609,0.2106
120.75,53.137,-0.016303,105.25,50.255,0.25124,101.24,50.348,0.35075
137.34,64.692,-0.28062,119.48,47.553,-0.11859,122.33,46.331,-0.43267
128.49,46.781,-0.61502,121.11,49.264,-0.63215,132.68,67.269,-0.22675
137,68.56,-0.4665,118.8,54.756,-0.38132,114.34,58.083,-0.31901
130.53,49.147,-0.03993,101.68,48.391,1.03,76.103,53.926,1.7943
122.7,54.854,-0.31314,114.75,42.328,-0.4253,78.708,38.833,0.68906
117.91,46.123,-0.14646,105.32,44.357,-0.13811,103.38,58.28,0.45901
130.89,59.402,-0.51754,138.5,63.962,-0.51369,119.39,69.172,0.2368
123.93,49.109,-0.61852,124.73,58.447,-0.031532,117.32,66.356,0.3601
134.98,60.537,-0.55288,114.16,54.555,0.021392,96.236,53.963,0.65521
135.86,71.009,-0.11977,126.53,63.369,-0.082138,104.92,58.253,-0.010962
127.83,56.046,0.13237,156.15,59.439,-0.44072,160.63,66.212,-0.55879
119.18,56.264,-0.40445,123.63,55.523,-0.46695,111.01,59.154,0.024158
151.34,54.397,-0.72569,158.27,57.789,-0.69085,164.31,66.797,-0.66947
141.15,73.07,-0.64976,147.87,74.085,-0.72507,153.76,81.501,-0.70232
162.59,57.799,-0.95448,167.99,60.637,-0.87353,168.37,69.364,-0.78781
117.29,49.157,0.030275,116.77,46.316,-0.0074697,107.56,52.117,0.31461
134.54,45.477,-0.047053,137.08,46.427,0.044295,130.52,56.578,0.08792
155.86,56.968,-0.68763,156.89,61.887,-0.64934,161.73,71.063,-0.5999
115.38,47.664,-0.21806,138.33,52.463,-0.70109,149.24,70.391,-0.5961
123.95,63.143,-0.19637,140.84,63.723,-0.57629,148.18,76.16,-0.60294
163.35,54.596,-0.71346,164.29,59.906,-0.58681,161.73,68.085,-0.48334
153.55,53.892,-0.68697,158.33,56.429,-0.78368,168.81,66.554,-0.80011
141.11,43.553,-0.51963,142.05,43.668,-0.50744,132.77,50.173,-0.20714
159.25,57.031,-0.74643,160.25,60.888,-0.69031,164.6,70.373,-0.61917
142.77,74.812,-0.6308,148.63,75.509,-0.68879,154.32,83.69,-0.70163
131.48,56.584,0.11893,130.78,55.729,-0.014969,128.5,63.574,-0.027539
109.04,51.632,0.44763,139.36,49.72,-0.68662,145.72,70.412,-0.55685
171.18,63.82,-1.1491,174.61,66.56,-1.1466,176.45,71.897,-1.08
97.024,95.562,0.43356,67.989,61.722,0.5495,14.727,11.899,2.5774
101.65,45.003,0.12435,64.246,47.997,0.096559,41.757,32.265,1.0457
113.78,63.911,-0.17384,28.059,37.665,1.3707,36.395,26.069,0.96221
90.21,89.819,0.37842,21.383,23.574,1.2243,18.954,20.539,1.3729
65.424,78.631,0.7244,58.142,69.094,0.76872,55.015,66.793,0.90415
106.69,82.641,0.521,56.741,41.319,0.8871,36.191,25.342,0.90301
77.895,83.155,0.90733,48.753,42.42,0.89268,54.194,55.176,1.2034
100.67,78.726,0.25065,66.03,52.04,0.73982,61.968,53.207,0.93418
129.79,63.801,-0.57193,32.93,44.635,1.3298,40.65,26.697,0.77487
104.54,84.407,-0.15398,76.193,62.38,-0.02848,11.442,13.191,1.9393
105.15,47.29,-0.22501,50.962,52.389,0.7449,37.447,36.509,1.1399
61.598,73.148,0.74912,55.171,64.342,0.76199,43.112,53.086,1.0249
84.658,84.339,0.43645,46.349,52.946,1.3285,60.488,63.781,0.86542
73.968,81.558,0.43678,34.715,39.368,0.74483,45.142,50.521,0.6173
99.701,95.909,0.41318,46.321,40.984,0.83903,32.478,28.636,1.0822
91.627,94.147,0.33922,54.529,55.768,0.58579,34.191,35.069,0.76896
68.296,49.722,0.41273,20.047,24.179,1.6677,19.415,11.604,2.2089
77.093,85.345,0.51264,55.034,60.563,0.57164,42.796,51.079,0.94797
74.297,75.633,0.57284,14.301,16.706,2.1811,31.938,29.291,1.0913
102.18,86.551,0.37917,42.043,26.293,0.35039,37.567,23.513,0.40694
88.661,58.608,0.34912,35.086,37.293,1.0823,34.366,29.415,1.1838
76.422,82.378,0.73826,27.148,29.087,1.5472,33.759,33.778,1.3296
74.108,67.715,0.9005,34.796,37.468,1.2038,50.847,58.685,1.2111
81.87,77.527,0.84558,67.266,58.613,0.83586,26.246,20.319,1.0411
100.61,69.21,0.26165,36.663,40.264,1.0596,45.762,32.618,0.60715
65.436,78.299,0.60135,57.969,69.221,0.63249,49.556,62.364,0.83147
95.85,86.624,0.30285,22.511,22.282,1.3387,19.662,18.838,1.5589
73.678,79.61,0.4548,70.925,74.434,0.45078,61.554,69.183,0.61438
100.98,87.737,0.20082,74.116,62.923,0.29323,15.52,15.577,2.0194
78.703,75.738,0.58023,34.955,42.838,1.2455,45.958,45.051,0.90469
114.72,92.39,-0.069971,27.086,27.75,1.437,32.217,28.541,1.018
97.698,91.7,0.43724,45.605,44.863,0.89626,32.042,31.354,1.2507
95.028,83.36,0.35769,52.745,61.526,1.2725,51.844,57.9,1.3113
103.36,89.767,-0.014093,65.695,57.165,0.14869,12.473,12.865,1.8822
102.32,65.223,0.060841,33.685,38.462,1.2269,35.49,26.039,0.99955
91.768,87.925,0.43594,36.116,30.835,1.8935,49.397,44.23,0.73643
103.09,90.633,0.23644,50.46,47.759,0.88743,24.366,19.473,1.0071
71.348,69.131,0.56224,20.903,27.219,1.6131,33.884,32.65,1.0676
89.218,86.975,0.42254,60.218,55.381,0.54802,53.406,51.679,0.6894
75.683,67.322,0.57597,44.964,30.564,0.36144,19.414,15.259,0.84789
86.435,59.426,0.93938,56.387,29.595,-0.24564,63.508,53.135,1.3344
95.165,89.704,0.28788,75.844,64.526,0.28512,14.09,16.195,2.6196
73.067,72.592,0.56293,74.151,69.543,0.49581,62.765,66.807,0.70522
100.18,67.011,0.15838,29.446,29.882,0.94344,22.501,19.159,1.7383
88.121,96.06,0.48225,72.409,75.263,0.49555,14.392,15.159,2.3082
61.323,72.671,1.2686,31.75,30.775,1.0821,43.491,48.947,1.5081
85.877,66.636,1.1525,65.35,30.603,-0.59337,46.796,30.247,1.1438
83.846,87.202,0.37806,74.557,74.2,0.33193,38.976,43.338,0.91919
101.76,99.601,0.16304,31.639,34.041,0.94186,47.795,48.687,0.6442
68.921,92.587,0.90281,34.415,45.583,1.2564,26.827,34.567,1.275
73.047,68.238,0.70618,26.427,29.066,1.4124,30.187,27.293,2.4263
62.88,67.579,0.99029,53.981,52.79,1.076,53.49,63.019,1.2114
75.46,73.887,0.88036,38.913,29.442,1.2958,54.712,59.474,1.2534
68.544,78.138,0.6668,47.168,52.31,0.85447,15.852,20.475,2.2006
99.576,55.832,0.38821,64.266,41.264,0.15149,69.249,56.931,0.91265
59.979,70.493,1.1688,34.564,43.216,1.5978,28.848,38.637,2.2138
51.671,73.19,1.2326,51.703,70.29,1.1731,49.348,69.877,1.2647
72.848,56.338,0.49207,17.619,19.431,1.9319,25.605,15.212,1.4788
64.477,80.946,0.84225,57.108,69.648,0.81729,30.779,39.334,1.3396
56.221,70.965,0.99054,17.723,27.108,2.399,21.321,29.056,2.0247
53.999,72.95,0.93457,22.781,35.504,1.6362,33.237,49.808,1.4426
58.742,74.369,0.98079,45.61,55.336,1.1309,50.759,66.698,1.1518
52.978,62.996,1.2829,18.338,25.33,3.0905,20.628,28.29,3.5172
60.319,64.06,0.72342,10.586,11.606,2.1982,28.118,28.617,1.3838
47.806,66.884,1.0969,26.827,38.124,1.4237,34.533,50.367,1.3521
70.591,86.482,0.89501,28.465,34.933,1.9322,48.028,58.723,1.3644
97.094,90.319,0.50566,46.695,41.777,0.7909,31.599,27.414,0.93927
81.682,50.697,0.24895,55.431,50.062,0.53079,45.056,38.852,0.68158
122.9,55.5,-0.68266,25.718,30.262,1.8367,59.346,34.663,0.66755
86.413,59.614,0.94861,40.902,31.021,0.70477,36.328,24.168,1.3042
91.771,81.707,0.22267,78.068,67.5,0.2552,30.421,31.695,1.1179
76.262,87.029,0.72627,48.83,51.889,0.87099,56.702,66.425,0.94375
85.919,72.823,0.69988,44.672,38.995,0.64167,45.86,33.445,0.76489
98.765,84.52,0.36927,31.553,24.026,0.7713,24.276,19,1.0094
94.409,77.988,0.38554,42.435,37.686,0.97294,63.426,56.328,1.1011
77.189,88.123,0.81697,64.106,66.082,0.82493,19.767,21.656,2.0879
91.152,43.924,0.70867,83.268,43.875,0.2784,52.018,43.445,1.0925
80.583,57.657,0.72879,36.988,33.078,1.5916,57.006,25.51,0.97114
49.367,49.743,1.1344,24.143,33.726,3.0878,21.471,25.648,3.3945
75.447,79.228,1.1233,72.472,60.471,1.0144,20.731,20.779,2.4164
102.48,44.609,0.32867,68.086,48.711,0.055179,45.225,31.517,0.75142
48.315,53.79,2.3864,43.039,26.466,1.1574,36.319,39.236,2.5738
48.471,54.805,2.3689,44.266,26.97,0.80992,36.334,28.725,1.9907
94.299,55.891,0.78758,72.042,34.715,0.20352,75.285,51.004,0.76698
44.666,65.928,1.8497,37.834,48.461,1.6912,31.908,54.02,2.4016
63.414,68.208,0.94515,58.526,60.99,1.0001,43.79,50.739,1.3316
51.885,45.571,1.6417,39.673,35.093,1.3563,50.451,41.991,1.0583
87.586,86.493,0.70618,50.789,36.192,0.8801,46.644,52.582,1.0512
68.913,74.377,0.51313,11.216,24.003,5.2461,20.191,29.828,3.7487
102.08,67.25,-0.39432,86.087,60.351,-0.1781,93.545,66.024,-0.20099
89.583,75.71,0.50657,42.484,36.731,1.0693,63.23,55.304,0.87868
79.692,56.124,1.3827,83.551,39.173,-0.9072,61.735,22.468,0.70221
59.676,62.028,0.61304,71.82,57.682,0.58712,54.419,53.568,0.93743
94.844,76.401,0.62096,65.062,41.998,1.1729,68.1,45.835,0.90455
141.44,50.259,-1.1948,66.931,49.229,0.43824,112.4,49.595,-0.14296
109.09,81.378,0.52845,76.734,49.011,0.11017,92.236,43.541,0.69114
163.82,65.415,-1.2205,36.292,46.394,1.8491,52.518,31.739,1.388
57.561,83.674,1.1555,77.459,34.23,0.26313,60.797,38.722,0.90149
71.877,68.201,0.70362,71.339,38.356,0.76313,37.106,35.034,1.2291
57.484,81.39,1.1772,49.649,28.288,0.75651,39.13,34.031,1.2031
103.4,56.219,1.0267,107.47,48.728,0.97203,66.205,55.775,1.7622
74.822,46.909,0.901,86.845,44.367,0.27809,54.594,40.24,1.8029
84.703,41.19,0.48078,113.74,47.324,-0.24192,70.936,36.449,0.75571
111.29,44.186,0.053684,128.8,41.556,-0.66944,95.165,39.672,-0.1085
98.92,41.019,0.46988,109.82,37.518,-0.21581,63.63,37.008,1.6958
91.928,57.563,0.59766,111.4,53.136,0.051263,59.449,49.113,1.8362
75.197,41.435,0.63784,84.398,37.56,0.33699,49.999,32.667,1.7256
92.288,39.746,0.79116,107.7,37.324,-0.10218,68.426,32.91,1.8428
95.863,48.754,0.35685,107.84,47.833,-0.11202,74.297,45.209,1.0029
68.836,58.65,1.661,65.303,51.165,1.7634,48.155,54.794,2.0164
102.96,55.504,1.0698,102.38,53.673,0.87087,68.543,57.213,1.6595
122.86,44.264,0.049496,146.5,42.652,-0.84014,66.557,33.144,2.0176
84.971,52.764,0.99124,96.182,47.09,0.54431,68.754,49.503,1.3631
54.021,50.382,2.0052,66.25,44.163,1.2311,42.923,43.854,2.3494
69.543,48.995,0.87344,77.751,47.892,0.45966,58.629,44.112,2.0332
43.712,42.691,1.7248,57.46,44.139,0.94462,42.841,41.644,2.5586
122.29,49.549,-0.41708,129.21,57.13,-0.7245,78.772,37.767,-0.10418
107.14,69.807,0.76498,110.36,64.539,0.69567,79.732,73.877,1.0656
60.921,40.635,1.5175,76.67,41.104,0.61346,38.537,33.726,2.9492
129.79,41.712,-0.40085,153,48.613,-1.3306,111.75,37.315,-0.95007
100.32,37.337,0.21855,135.51,40.726,-0.92085,107.82,34.76,-0.35809
76.029,52.938,1.0331,82.001,50.424,0.73778,50.326,47.701,2.3921
64.098,47.451,2.0893,75.375,40.271,1.6405,45.519,42.906,2.5911
71.824,55.436,1.3985,73.453,46.31,1.3141,48.212,48.031,1.916
83.35,55.089,1.2407,80.112,48.568,1.0754,59.161,48.827,1.8421
83.909,55.75,0.83756,95.713,49.826,0.30778,51.649,48.241,1.9028
120.37,46.546,-0.10149,143.11,51.089,-0.84679,65.79,24.519,0.32528
100.87,40.126,0.53522,125.53,36.995,-0.3778,70.934,22.148,0.57576
85.904,41.818,0.57147,130.88,42.605,-0.46141,93.572,39.863,0.06269
83.945,51.778,0.73331,93.567,48.646,0.37011,47.895,40.825,2.1744
63.343,53.09,1.5768,68.388,47.73,1.1083,42.242,44.568,2.4795
108.17,54.433,-0.11336,130.52,46.928,-0.16191,70.236,23.545,0.5012
71.953,42.213,1.6516,95.402,39.153,0.47084,55.751,40.65,2.1088
54.224,46.023,1.9544,70.346,42.331,1.144,34.443,40.138,3.0612
86.993,52.902,1.2013,100.02,47.438,0.4472,56.771,50.113,2.071
55.581,48.769,1.6467,82.594,48.012,0.48141,40.216,43.48,2.6319
68.091,54.58,1.3589,74.939,50.317,0.89224,44.927,45.352,2.385
62.761,43.34,1.1473,80.096,44.752,0.35076,51.078,35.235,2.3476
126.51,34.379,-0.53748,163.17,43.021,-1.3844,87.874,23.731,-0.48777
85.015,51.392,1.2675,103.67,44.694,0.49389,58.425,48.204,2.0749
48.544,51.575,1.9525,71.483,47.223,0.73401,38.184,44.371,2.4884
120.09,36.416,0.41055,155.47,39.516,-1.0672,79.002,21.79,-0.091979
60.916,41.661,1.93,72.77,37.534,1.0562,41.576,36.026,2.8452
97.677,41.573,0.70217,126.54,40.044,-0.69818,64.985,38.373,1.89
157.07,36.16,-0.76774,157.99,48.592,-0.62597,88.906,26.026,-0.26109
85.08,45.96,0.98615,110.15,43.6,-0.11705,56.146,40.312,2.0991
119.16,32.449,-0.040634,139.85,38.45,-1.0136,75.326,22.38,-0.21742
98.42,53.676,0.92375,110.74,41.296,0.34251,67.985,50.589,1.4736
96.553,37.833,0.35898,118.44,33.792,-0.44241,69.016,21.995,0.45302
74.142,41.619,1.5436,93.508,38.076,0.58984,44.354,35.692,3.0324
86.574,38.14,1.017,112.77,36.319,-0.33877,55.87,31.407,2.3505
78.685,42.402,1.5419,96.052,37.544,0.46,57.107,39.464,2.155
67.399,45.831,1.8649,90.726,38.657,0.67075,48.037,41.689,2.5103
109.25,41.93,0.22305,122.81,47.229,-0.52775,85.528,32.866,-0.16822
98.842,54.721,0.15912,108.27,55.927,0.26907,72.464,34.186,0.45263
118.69,41.796,-0.38236,143.27,49.282,-1.0621,105.86,40.482,-0.53918
106.94,38.528,0.087295,122.48,43.191,-0.74421,89.276,35.196,-0.32185
98.972,29.832,0.20794,136.05,26.521,-0.68034,56.569,16.797,-0.13558
89.587,48.581,0.86983,111.58,46.487,-0.35614,62.018,43.988,1.7244
58.5,52.851,1.6076,66.075,44.716,1.1897,36.632,42.483,2.5634
92.759,36.884,0.96982,113.33,34.31,-0.52361,55.003,35.864,2.1042
105.17,39.489,0.19724,136.88,52.705,-0.6802,62.278,27.845,0.28856
81.793,41.264,0.70271,101.37,36.826,-0.6971,47.114,23.421,0.58466
49.257,40.449,1.8537,84.992,40.681,0.16911,35.41,32.935,3.0316
132.12,44.871,-0.40925,155.99,59.942,-1.1814,71.761,30.598,-0.1977
83.773,44.798,0.38833,101.18,50.072,-0.24182,50.6,28.167,1.0344
65.962,41.614,1.5896,92.374,36.015,0.53521,32.531,33.643,3.3506
78.235,48.245,1.4071,89.681,41.584,0.67972,55.235,38.464,1.9765
92.844,39.63,0.98593,120.73,38.646,-0.57626,57.548,36.096,2.1506
44.199,44.803,1.8594,78.048,39.246,0.46875,38.673,35.224,2.4956
65.959,36.303,1.5057,80.544,34.784,0.40875,40.732,30.118,2.9489
33.957,49.973,2.6301,53.079,44.916,1.329,25.298,42.826,3.0692
64.711,48.389,1.7416,91.397,39.587,0.62967,54.051,38.811,2.041
72.939,40.87,1.2517,90.308,33.775,-0.19137,52.101,30.581,1.7408
100.4,33.509,0.0010661,117.83,39.24,-1.0639,59.592,22.437,-0.16414
101.55,63.741,-0.10716,121.39,64.887,-0.13942,67.633,38.402,0.29758
107.81,41.3,0.027772,139.59,52.722,-0.86315,66.475,29.225,0.055014
95.232,44.203,0.30656,109.25,47.563,-0.12272,47.693,26.463,0.57325
93.682,44.381,0.34048,116.62,44.927,-0.39597,60.47,32.699,1.4786
49.989,48.86,1.8929,76.006,45.28,0.43284,29.507,41.656,2.8175
83.16,31.793,0.53998,124.18,35.882,-0.68691,60.697,24.342,0.046963
48.67,43.708,1.9876,65.675,40.696,0.95314,30.186,35.622,3.3147
90.231,53.941,0.16935,113.07,55.121,-0.010266,60.799,32.116,0.52122
92.017,57.57,0.74141,113.2,52.772,0.1659,57.82,50.367,1.9109
44.156,50.929,2.1759,60.753,46.177,0.95511,29.282,40.568,2.8996
49.313,35.384,0.84242,85.99,32.372,0.046353,68.043,34.517,-0.12105
46.684,46.341,1.8819,72.527,40.854,0.74364,39.83,36.739,2.7354
66.456,57.217,1.3735,75.21,47.465,1.1132,59.899,44.263,1.936
108.39,51.396,0.43076,128.56,49.421,-0.25736,69.493,44.923,1.7802
89.508,38.552,0.97725,113.69,37.68,-0.56919,52.008,35.46,2.2941
96.779,42.857,0.1954,109.55,50.587,-0.14158,53.542,29.06,0.58821
64.906,39.175,1.2765,92.565,36.61,0.11116,41.79,31.295,2.7933
50.471,50.18,1.544,65.164,43.738,0.53122,29.165,37.054,2.7176
119.5,48.543,0.0072285,141.48,49.176,-0.7966,71.441,38.47,1.6226
91.237,56.213,0.87258,108.79,51.073,0.05116,59.143,50.032,1.8786
65.233,40.619,1.3822,84.855,37.514,0.56596,38.161,32.559,2.965
87.946,31.445,0.15941,116.55,41.721,-1.0222,66.39,26.859,-0.2986
93.96,37.375,0.23972,110.93,38.399,-0.38569,61.007,25.797,0.51022
59.672,53.372,1.5265,64.007,47.722,1.2271,40.05,45.765,2.3116
67.065,46.126,1.6672,91.372,38.159,0.26597,39.269,40.905,2.6728
87.607,74.106,0.38381,111.79,63.835,-0.048645,132.53,64.223,-0.40772
88.026,67.919,0.63627,95.747,70.276,0.30621,123.08,79.193,-0.10782
97.896,60.758,0.26268,108.55,61.714,0.016716,104.97,61.161,0.13612
65.136,55.268,1.3807,92.372,52.554,0.70214,103.45,57.329,0.47628
56.022,54.427,1.2667,75.299,48.26,1.4282,125.16,39.626,0.30375
77.577,55.972,0.86113,94.98,46.695,1.2218,125.82,56.959,-0.11961
101.07,53.677,0.63706,124.41,60.382,0.063463,138.83,73.036,-0.22817
76.889,53.773,0.90002,92.023,55,0.63061,113.7,62.124,-0.48336
53.946,57.727,1.4637,83.203,70.375,0.47657,104.16,79.062,0.27732
57.954,67.134,1.0053,101.95,50.873,0.89762,118.65,52.215,0.055444
41.204,53.697,1.4678,55.879,62.165,0.56592,50.517,53.889,0.45733
104.39,56.956,0.28857,127.28,58.452,-0.84932,140.17,61.865,-1.2092
81.489,40.447,0.75263,115.02,44.958,-0.85607,107.99,76.084,-0.0013108
98.955,57.328,0.8202,97.258,48.344,1.2761,102.9,55.624,0.55609
112.5,67.408,0.35723,118.58,65.798,0.26005,131.76,57.664,-0.14915
98.597,60.811,0.61781,96.101,60.822,0.57499,96.615,67.056,0.43027
104.87,67.014,0.09753,103.87,65.96,0.11893,104.95,82.294,0.09841
56.98,60.647,1.3058,57.494,55.808,1.3827,70.54,57.847,0.8195
94.765,61.23,0.35644,128.22,72.478,-0.27349,135.6,81.782,-0.26964
60.895,58.392,1.2628,73.053,49.11,1.6297,114.62,50.654,0.13705
94.95,50.845,-0.11982,95.286,49.279,-0.18767,105.05,59.69,-0.2726
94.323,64.6,0.81212,96.293,62.562,0.89268,108.86,61.055,0.58301
116.73,60.413,0.2061,127.76,67.012,0.049238,144.01,66.468,-0.25127
103.86,36.589,0.050147,130.35,47.671,-0.45447,145.61,77.51,-0.47129
85.613,55.655,0.38267,108.96,63.206,0.075537,101.46,78.642,0.32064
64.555,62.289,1.1407,74.86,63.891,1.0235,87.149,72.602,0.72566
100.99,68.182,0.5961,108.11,65.514,0.59388,103.24,69.277,0.5136
120.87,71.434,-0.17695,117.02,71.711,-0.1311,122.97,74.82,-0.14796
104.81,56.003,0.27227,110.68,50.899,0.34579,119.27,46.255,-0.096938
84.447,55.038,0.19712,100.96,62.975,0.16094,106.21,78.147,0.079329
87.335,45.675,0.30598,96.084,40.134,0.076735,100.32,58.62,-0.00072234
115.13,76.061,-0.21183,111.57,72.744,-0.11684,122.52,72.633,-0.16279
73.621,57.994,0.72713,82.417,68.334,0.44281,104.36,78.139,0.2318
88.558,52.675,0.35497,105.03,53.871,-0.28498,134.65,63.696,-0.89556
67.133,59.245,0.84936,106.37,50.265,0.16397,141.03,54.138,-1.0943
122.77,65.115,-0.06111,129.24,62.295,0.18094,140.79,61.93,-0.39588
87.381,82.025,0.63882,97.857,70.627,0.62865,104.88,62.007,0.3698
141.13,41.709,-0.26209,148.67,45.891,-0.3101,164.51,42.886,-0.76772
120.61,74.002,-0.0431,129.37,67,-0.011224,139.96,54.531,-0.37094
164.13,55.846,-1.5654,164.17,52.418,-1.4274,178.52,37.69,-1.7742
101.9,56.678,-0.1618,115.86,67.88,-0.15164,133.48,72.508,-0.33693
125.9,80.041,-0.024679,138.44,77.19,-0.20031,147.58,73.101,-0.47508
67.377,50.094,0.66436,72.758,50.733,0.6688,94.285,64.073,0.63289
110.86,69.667,0.16032,113.13,76.19,0.037416,125.34,80.644,-0.062288
53.854,63.127,1.3395,85.646,57.049,1.1919,108.8,51.533,0.54279
75.119,45.913,0.78954,78.654,46.888,0.63122,76.965,61.647,0.81964
80.392,37.746,0.23547,112.62,37.76,-1.0953,149.23,48.467,-0.87582
141.46,68.166,-0.68179,151.15,61.33,-0.42882,154.3,55.433,-0.36785
58.888,50.313,1.931,63.137,50.744,1.919,114.91,54.235,0.14698
121.96,64.781,-0.23238,137.66,69.636,-0.41474,155.31,58.67,-0.73846
91.026,62.025,0.63614,106.76,56.851,0.53408,117.15,64.606,0.42146
91.225,64.646,0.66513,93.342,71.364,0.7704,93.322,73.719,0.8612
109.42,70.422,-0.029481,115.75,73.316,-0.096595,142.74,82.124,-0.42638
61.482,49.146,1.047,73.231,49.504,0.53496,73.368,53.886,0.66534
83.865,70.353,0.51022,96.958,61.22,0.47885,115.18,54.82,0.24296
114.11,64.943,-0.03206,114.48,66.168,0.11266,121.74,66.413,0.02976
66.029,42.143,1.4321,67.673,49.062,0.69867,87.731,66.531,0.42246
88.875,69.501,0.25209,99.482,71.088,-0.027221,120.74,75.119,-0.20882
105.4,52.135,0.12109,127.64,56.331,-0.049786,139.71,55.144,-0.20188
99.618,56.167,0.33317,122.83,63.284,-0.031995,142.39,71.685,-0.26697
101.46,56.345,0.0047761,108.07,56.347,-0.047853,110.56,68.006,0.022583
88.175,59.932,0.93584,95.486,54.793,0.24765,108.9,63.678,-0.2108
105.42,49.892,0.15803,115.27,52.372,0.045747,103.83,66.031,0.37926
78.859,45.379,0.98147,85.664,49.667,0.64988,96.952,62.147,0.27465
103.64,59.203,0.3775,115.49,58.651,-0.051812,111.57,70.571,0.068191
104.73,53.949,0.99956,110.94,53.324,1.0192,99.23,59.217,0.92501
142.07,61.687,-0.081745,144.56,64.386,-0.11824,145.33,71.905,-0.20379
140.36,52.561,0.12506,143.04,53.766,0.14785,133.66,57.239,0.079048
99.491,68.772,0.3507,99.269,67.1,0.28029,104.15,71.251,-0.043599
106.37,67.896,0.59226,102.99,71.854,0.60494,111.82,70.273,0.48239
76.671,45.806,0.69585,78.002,44.319,0.68102,110.86,47.619,0.44025
86.422,53.49,0.76526,107.02,46.8,0.21504,141.12,61.434,-0.48036
119.16,66.033,0.35172,117.47,58.427,0.6815,121.65,60.976,0.45121
99.313,61.119,0.20281,109.07,63.699,0.019785,123.36,70.834,-0.23707
113.97,54.793,-0.3543,129.78,55.194,-0.47709,102.53,64.161,0.7017
82.763,39.321,1.3229,103.23,39.227,0.42201,135.72,54.712,-0.060752
85.826,45.404,0.78904,100.42,48.464,-0.050889,130.32,54.19,-0.65735
122.42,59.704,0.022274,124.42,62.482,-0.020253,132.65,67.145,-0.27025
103.29,52.192,0.40271,132.38,45.7,-0.047275,162.84,45.847,-0.85846
129.93,71.638,0.065559,140.41,61.203,-0.054881,158.57,56.143,-0.68912
82.584,50.967,0.72262,103.08,55.228,0.16805,128.98,70.293,-0.3232
98.909,60.831,0.33061,109.93,54.136,0.28769,131.04,52.44,-0.2103
104.94,41.071,0.74096,108.49,37.595,0.38905,112.74,57.697,0.089593
93.226,47.64,0.25026,92.352,46.2,0.28788,85.951,46.681,0.79569
100.21,63.167,0.43787,108.47,69.325,0.3312,129.46,70.22,-0.030214
119.93,77.437,-0.054822,128.38,70.989,-0.089255,141.07,66.569,-0.54176
122.38,39.97,-0.5821,106.12,49.375,-0.080178,119.79,74.526,0.042843
102.49,65.16,0.23395,96.853,64.473,0.39067,85.821,64.936,0.71361
115.91,35.115,-0.36658,83.16,29.257,0.1626,77.048,42.289,1.3966
98.327,48.029,0.37707,112.15,49.894,-0.10054,120.8,57.681,-0.12867
92.647,72.766,0.56644,97.661,70.895,0.53724,105.11,71.986,0.42407
90.236,48.227,0.26482,93.205,51.377,0.33646,103.16,68.543,0.18264
55.786,39.538,2.3494,58.987,38.647,2.2566,65.954,43.016,1.281
71.136,58.932,0.93479,81.072,65.602,0.61626,91.839,66.958,0.48389
51.811,43.949,0.80244,88.736,47.011,0.23285,116.23,55.974,0.12096
98.821,49.048,0.15081,111.96,49.944,-0.27267,116.21,55.807,-0.00040125
99.056,60.368,0.28358,92.269,60.929,0.21864,95.418,69.426,0.28234
122.87,41.235,0.13483,120.24,37.788,-0.11988,133.66,35.384,-1.2659
81.405,51.524,1.2841,89.501,49.164,0.95024,92.195,60.589,0.81723
117.94,50.239,0.018027,135.77,53.425,-0.18149,146.97,64.474,-0.37678
129.94,69.217,-0.1604,104.71,60.612,0.31599,80.878,58.717,0.62927
99.475,69.11,0.13051,108.02,61.66,-0.18972,90.522,69.017,0.516
93.314,71.176,0.064306,78.651,67.036,0.4737,58.11,60.681,1.1439
113.87,81.038,-0.093786,105.16,78.931,0.078483,98.316,79.35,0.28305
92.991,81.049,0.72582,95.961,78.477,0.71617,91.291,78.769,0.67597
125.61,65.735,-0.0052199,87.77,66.005,0.3219,64.329,60.271,1.026
126.78,64.12,-0.31295,84.7,63.437,0.46384,56.59,50.045,1.23
128.43,76.505,-0.17813,87.72,57.595,0.47901,58.394,46.422,1.8083
125.44,67.64,-0.12978,56.69,51.47,0.90034,43.808,29.266,2.2226
134.76,66.26,-0.41264,103.96,63.169,-0.1368,81.017,66.942,0.79677
115.22,66.878,0.23335,116.52,61.794,0.1279,88.556,68.595,0.60653
110.99,78.462,0.12319,120.54,68.636,0.054087,103.91,75.677,0.33994
154.64,59.842,-1.0853,107.71,57.409,0.18325,91.176,64.509,0.36488
175.47,57.617,-1.4744,159.52,65.44,-1.1097,144.84,70.676,-0.95341
143.15,58.359,-0.25583,98.455,55.012,0.21679,67.601,50.847,0.78451
123.11,50.667,-0.34863,105.06,54.695,-0.065261,95.53,53.276,0.13621
101.98,71.715,0.6848,85.462,60.001,0.85092,71.427,44.31,0.97045
119.31,48.454,0.025658,85.739,49.425,0.35995,75.291,48.168,0.70531
78.872,72.178,0.56895,69.929,64.598,0.6861,55.965,62.439,1.0698
134.97,60.25,-0.3902,115.94,61.981,-0.10943,89.581,66.657,0.4426
140.99,64.841,-0.51896,113.87,63.26,0.088743,77.141,60.468,0.74716
107.29,66.898,0.11121,56.203,54.211,1.1396,57.026,49.901,1.3331
118.37,66.193,0.0064881,92.385,62.887,0.29061,62.991,52.197,0.84318
104.94,67.946,0.13632,75.493,68.372,0.78302,66.055,63.529,1.0867
81.089,65.24,0.64569,71.902,55.708,0.88302,52.64,56.199,1.27
92.652,74.386,0.363,58.582,61.361,1.1762,47.098,50.615,1.6037
136.45,65.94,-0.46789,129.09,63.774,-0.10121,102.64,72.063,0.28372
142.75,64.93,-0.53327,133.35,65.464,-0.28173,108.97,74.714,0.15953
73.108,77.081,0.69832,54.359,55.113,1.2409,34.792,41.797,1.795
86.313,81.537,0.52594,75.187,69.606,0.78765,53.537,41.81,2.0992
115.27,70.825,0.21547,91.529,59.962,0.4556,58.892,46.485,1.2931
114.37,73.867,-0.13146,80.506,67.946,0.55113,54.444,61.305,1.3643
157.55,49.186,-0.76975,107.51,53.548,-0.14635,83.166,47.837,0.4482
135.74,59.516,-0.35631,110.36,64.392,-0.035497,76.191,64.468,0.66398
132.05,66.905,-0.37777,88.929,64.287,0.34365,57.993,52.641,1.2935
95.135,62.907,0.41285,59.86,48.308,0.92421,43.664,31.971,1.4305
129.97,64.381,-0.27394,102.76,61.174,0.23702,67.538,54.754,0.93225
134.57,70.478,-0.24743,79.471,68.197,0.50471,57.642,53.769,1.1001
158.41,51.862,-0.74777,117.37,57.09,0.047841,87.517,58.94,0.53319
125.81,65.756,-0.20275,91.036,62.737,0.21187,55.873,51.904,1.1547
108.12,68.558,0.027414,70.844,59.117,0.52398,54.539,48.765,1.1701
154.49,51.582,-0.67922,98.534,62.822,0.14037,77.558,53.118,0.95973
142.01,54.349,-0.48028,84.715,57.849,0.17258,62.438,42.107,0.80342
81.989,60.68,0.3732,40.566,44.283,1.1098,35.559,31.665,1.4394
139.01,66.455,-0.43446,100.4,62.443,0.055233,80.411,64.343,0.4039
120.02,68.362,-0.021329,107.03,62.53,0.026612,92.872,63.58,0.34847
127.25,77.008,-0.2295,88.978,69.207,0.33362,68.029,62.165,0.70652
158.55,49.731,-0.81818,134.08,65.189,-0.57919,116.26,74.94,-0.088228
82.497,65.76,0.52329,51.129,46.852,1.3913,47.267,35.472,1.7443
85.304,74.116,0.49837,67.776,61.018,0.93323,47.063,50.4,1.6195
87.549,74.724,0.32732,54.134,51.603,0.89434,41.33,40.169,1.5406
84.4,73.812,0.48587,44.686,52.791,1.5878,37.415,39.893,2.1618
66.132,65.318,0.69015,36.268,39.278,1.3499,25.305,26.557,1.9478
76.708,74.823,0.7463,43.451,51.404,1.6425,30.3,33.844,2.1069
93.94,81.838,0.38116,61.538,61.358,0.93476,44.372,50.502,1.4298
112.67,83.078,-0.077452,81.005,71.548,0.43432,51.423,54.474,0.97601
97.515,75.381,0.28083,87.841,65.39,0.29816,62.063,52.893,1.042
158.06,52.436,-0.71702,116.37,58.279,-0.16387,92.203,64.005,0.43336
97.449,73.261,0.17707,56.148,64.696,1.024,45.868,59.439,1.3649
82.627,82.078,0.57959,59.174,63.256,0.94491,38.32,41.153,1.5995
121.96,65.911,-0.25016,96.954,67.029,0.24879,80.16,67.959,0.72062
174.23,68.482,-1.3003,155.05,69.772,-0.83627,139.23,77.887,-0.60743
138.46,65.624,-0.49524,105.69,67.12,0.058831,75.92,65.05,0.7554
84.304,74.156,0.47975,58.024,61.014,1.2151,34.936,49.352,2.2045
78.52,56.708,0.53563,44.696,44.251,1.3491,32.034,31.541,1.9924
88.735,70.711,0.38569,78.216,65.874,0.47102,65.852,61.03,0.8787
98.705,70.715,0.34915,87.149,55.059,0.49678,50.34,48.219,1.5577
145.7,66.251,-0.76114,102.33,61.884,-0.05556,65.105,51.835,1.1994
83.915,74.298,0.96678,110.7,47.099,0.37393,92.676,45.687,0.66946
89.962,89.261,0.41417,86.711,76.912,0.68436,64.059,76.847,1.0925
65.239,69.19,0.96857,49.229,56.54,1.4022,32.851,46.081,2.1425
105.04,57.301,0.0032759,60.016,44.986,0.75905,52.714,39.935,1.2557
168.66,41.222,-1.288,145.71,59.154,-0.87486,134.9,63.465,-0.50461
151.68,54.275,-0.9687,64.862,71.74,0.85613,58.67,55.669,1.4219
131.02,65.323,-0.28237,110,57.444,0.22487,78.3,61.161,0.62827
111.05,65.108,0.12192,73.031,51.825,0.42603,62.691,42.717,0.66468
119.48,66.123,-0.16365,82.885,60.33,0.61969,66.325,61.327,1.0016
151.88,59.629,-0.57651,97.929,66.367,0.12604,77.608,55.096,0.76754
96.403,65.683,0.29342,63.547,52.394,0.99694,60.955,48.427,1.2734
93.362,69.779,0.16244,56.998,52.678,0.6937,46.653,40.308,0.91522
127.2,58.823,-0.40087,96.3,55.217,0.31919,60.015,48.337,0.92111
92.548,72.462,0.40662,73.047,59.376,0.72606,44.908,43.987,1.4407
75.294,72.922,0.90529,56.92,65.301,1.2806,52.099,47.938,1.5715
63.722,66.005,0.77502,40.751,49.683,1.5925,34.421,40.995,1.9302
150.85,57.476,-0.87264,101.66,52.449,-0.27938,71.151,44.452,0.71329
145.05,60.449,-0.57955,112.05,59.719,-0.19792,80.105,46.672,0.69374
172.35,56.24,-1.3102,145.01,68.578,-0.56479,115.3,78.585,0.096716
131.91,50.428,-0.58104,91.919,44.516,-0.2804,78.068,39.875,0.014994
119.84,63.495,-0.05434,85.038,59.444,0.32749,62.369,45.207,0.7949
139.35,63.667,-0.41225,100.73,57.794,0.23547,69.382,52.204,0.66923
110.64,61.893,-0.083579,83.181,57.423,0.32758,65.539,52.314,0.85447
145.84,70.223,-0.69725,134.35,64.231,-0.36695,103.01,67.141,0.22604
147.89,66.291,-0.64681,127.73,65.977,-0.21526,91.646,67.987,0.48872
143.16,74.604,-0.49042,133.82,74.173,-0.27431,115.15,82.641,-0.02004
117.45,70.536,0.048402,60.02,73.152,1.0984,46.521,47.46,1.7692
171.29,64.292,-0.89352,166.49,69.548,-0.86041,167.04,72.184,-0.89328
165.58,51.558,-1.1024,109.15,76.263,-0.12577,96.741,65.811,0.30607
177.13,54.742,-1.3427,166.36,66.347,-0.80927,148.37,71.468,-0.48597
82.91,68.831,0.56869,59.328,62.537,1.0116,55.898,57.533,1.2636
123.89,60.752,-0.37058,103.3,68.094,0.014369,102.23,58.657,0.13201
