111.48,54.655,0.44721,93.305,49.388,0.39923,78.603,46.787,0.65247
111.84,60.846,0.23093,86.938,51.39,0.36723,79.856,49.08,0.61618
110.97,65.473,0.33084,91.096,63.922,0.55506,78.26,59.511,0.76813
129.07,60.394,-0.16603,111.28,60.204,0.2639,102.48,58.382,0.38547
96.009,71.589,0.7258,102.31,72.391,0.60266,84.645,72.247,0.84574
130.65,59.854,-0.023832,97.092,57.633,0.59305,87.018,55.662,0.83685
91.098,55.036,0.74008,66.175,51.057,1.0674,62.938,48.636,1.2151
108.17,68.122,0.49484,85.307,65.807,0.91149,78.271,66.964,1.1089
101.71,54.894,0.68429,77.909,52.698,1.1921,69.802,52.67,1.4488
95.734,57.062,0.5714,88.311,57.676,0.63238,78.684,55.695,1.0296
143.07,58.532,-0.29405,114.86,63.929,0.25214,99.145,63.465,0.51712
123.4,58.184,0.21911,112.33,59.361,0.3585,88.701,60.619,0.88807
106.6,64.71,0.33507,80.799,64.221,0.88305,67.863,60.163,1.2139
95.456,61.143,0.59792,83.018,59.68,0.71394,68.029,57.899,1.1711
116.72,50.447,-0.13848,127.83,60.396,-0.14877,94.766,48.109,0.38721
120.55,69.098,0.18956,98.631,73.87,0.34458,80.726,70.835,0.76804
94.505,51.022,0.47744,60.532,48.881,0.94672,62.154,44.717,1.0808
90.965,62.612,0.70368,69.161,58.815,1.1927,60.904,56.405,1.7931
94.018,72.652,0.55145,62.485,63.087,1.1217,59.413,60.043,1.3364
117.5,57.387,0.27183,98.248,50.581,0.67671,83.695,49.116,1.1165
104.24,60.241,0.21176,83.054,55.373,0.42648,81.381,54.656,0.48794
128.36,66.226,-0.12402,89.638,59.167,0.53127,88.326,59.859,0.53982
114.25,60.322,0.2139,99.321,60.011,0.46543,93.175,59.151,0.54679
122.15,69.418,0.086286,108.47,70.806,0.33985,100.81,67.969,0.41722
95.416,72.581,0.32044,77.224,65.736,0.60211,74.978,64.267,0.631
123.7,57.184,0.15041,102.86,60.568,0.42575,96.24,57.24,0.50666
119.95,67.787,-0.0080585,93.274,68.396,0.61069,89.2,61.279,0.63969
107.41,58.636,0.15965,90.204,57.023,0.56046,83.701,54.335,0.76372
117.76,68.137,0.17441,113.13,69.473,0.27107,93.407,68.736,0.71725
92.904,65.394,0.62504,82.012,60.408,0.6561,74.08,56.995,0.83487
79.958,49.603,0.92397,83.243,43.308,0.76772,72.866,43.354,1.0062
106.03,59.613,0.3031,108.04,62.482,0.32807,78.75,53.607,0.67203
87.604,59.948,0.55451,72.067,59.535,1.1129,67.142,56.732,1.2446
117.37,53.735,0.34194,119.47,50.694,-0.074346,96.968,45.053,0.25095
137.51,55.52,-0.17111,152.62,61.666,-0.71391,102.9,55.382,0.35635
78.073,59.683,0.90648,83.154,58.855,0.59875,94.032,68.844,0.36806
111.81,62.765,0.21699,67.979,54.436,1.2621,57.191,47.865,1.5626
116.57,64.373,0.080103,75.263,57.792,0.99651,62.573,48.687,1.251
85.795,62.964,0.67948,64.819,54.157,1.2682,61.572,50.4,1.2671
128.89,76.962,-0.13765,110.33,81.245,0.26892,106.05,77.863,0.2576
99.701,71.506,0.56259,84.464,71.073,0.86104,80.844,70.475,0.96082
115.02,76.495,0.23915,100.12,75.727,0.45492,93.192,73.206,0.54694
85.9,60.378,0.56983,65.076,50.582,1.1711,65.719,48.428,1.1114
130.24,74.127,-0.036547,121.76,81.999,0.035051,114.74,80.104,0.11771
98.241,82.568,0.4572,88.103,83.768,0.70979,76.731,80.08,0.85834
69.043,55.734,1.0838,58.104,52.254,1.3502,49.292,48.308,1.6326
61.434,53.416,1.3646,51.763,50.524,1.6166,46.443,47.131,1.7741
134.75,62.68,0.00087552,108.21,67.526,0.26498,92.282,60.281,0.44938
81.373,55.397,0.88693,75.733,54.281,0.85392,56.421,45.834,1.4319
99.957,59.202,0.66662,85.63,61.417,0.70365,83.602,61.16,0.72176
145.47,64.742,-0.17894,81.712,63.449,0.72304,68.552,52.481,1.271
91.112,60.008,0.63101,88.894,60.591,0.6595,71.734,56.587,0.92957
129.16,60.125,-0.06721,115.54,63.896,0.24191,100.53,54.249,0.14401
119.09,52.135,0.17527,119.46,60.974,0.030326,89.063,55.869,0.82066
131.4,68.567,-0.010639,91.228,70.487,0.6673,77.926,66.277,0.96796
96.711,65.565,0.46948,78.106,66.325,0.96017,77.955,64.324,0.9492
107.24,62.801,0.46697,81.603,58.273,0.80123,71.511,56.381,1.0346
92.357,66.636,0.42816,64.001,61.352,1.1758,52.022,53.122,1.6069
107.35,56.65,0.30762,79.722,58.574,0.7406,65.017,50.5,1.1526
108.37,65.718,0.44485,78.391,60.045,0.80509,73.578,58.683,0.91172
105.63,60.622,0.40398,85.116,58.031,0.82404,73.037,55.692,1.2458
120.24,57.869,0.11581,95.679,55.962,0.3417,79.911,50.992,0.56009
95.006,62.491,0.84203,76.967,59.921,1.1743,72.151,59.417,1.4455
114.32,76.555,0.046989,123.19,77.363,-0.096926,94.28,79.434,0.36579
114.37,69.596,0.30474,93.413,65.784,0.54019,87.128,61.778,0.66959
67.494,74.617,1.1681,57.696,69.354,1.4535,60.59,63.273,1.3703
102.59,67.997,0.085743,70.488,53.424,0.69882,61.645,48.53,0.9282
102.89,56.012,0.23236,75.866,52.382,0.61967,69.676,51.137,0.83957
92.141,62.193,0.59833,89.961,55.919,0.22088,88.403,62.849,0.45065
93.52,63.735,0.62008,46.376,52.068,1.8836,37.144,45.847,2.4924
98.187,48.059,0.72614,101.12,45.634,0.58323,90.595,41.497,0.57543
125.3,51.096,-0.12202,119.59,58.719,-0.10318,102.69,52.994,0.5198
115.61,66.537,0.077778,87.852,59.579,0.48001,77.414,53.466,0.65394
163.86,56.902,-0.95935,181.75,59.793,-1.4789,171.26,61.487,-1.3633
83.02,49.178,0.57799,82.923,52.85,0.31631,69.991,41.095,0.6159
114.3,60.306,0.23347,93.137,59.82,0.61618,92.007,57.22,0.5505
109.39,70.679,0.42246,79.145,62.035,0.9069,67.095,57.452,1.1895
121.28,63.133,0.11276,101.72,57.357,0.33777,92.391,55.211,0.43959
89.02,53.573,0.57239,58.832,51.952,1.1608,52.297,48.128,1.509
179.88,45.474,-1.798,192.03,46.386,-2.3524,193.28,49.789,-2.3102
118.86,66.973,0.22889,95.8,64.421,0.57784,75.033,58.906,0.93846
87.864,65.156,0.71864,69.955,59.608,1.1908,61.414,60.834,1.3569
92.223,61.918,0.65237,69.6,53.69,0.99818,61.771,52.242,1.3123
85.68,63.195,0.72372,67.935,56.372,1.1128,63.471,54.406,1.2664
96.099,65.656,0.50449,84.707,65.063,0.66568,71.035,58.845,0.89031
83.425,60.465,0.85326,69.783,52.52,1.1121,53.401,45.011,1.621
141.53,59.42,-0.32301,128.57,61.403,-0.10873,111.25,59.157,0.26736
93.607,59.894,0.63916,77.337,58.511,0.86091,58.484,52.568,1.2902
98.238,45.901,0.33384,99.16,47.259,0.025356,87.65,60.903,0.47185
78.728,54.003,1.0282,80.56,55.759,0.94762,61.301,50.987,1.2718
90.146,63.269,0.6242,101.38,66.719,0.34698,71.081,60.788,1.1278
101.58,65.577,0.44881,91.921,63.248,0.56413,83.96,58.145,0.74229
105.54,50.307,0.37516,98.913,52.44,0.69702,92.943,48.756,0.8437
103,65.276,0.40047,103.98,68.924,0.38441,93.455,61.737,0.39888
118.97,56.313,0.39131,107.16,60.129,0.47161,90.289,61.265,0.78348
104.21,76.136,0.26762,100.19,80.089,0.30977,98.172,81.799,0.42194
132.04,63.528,0.091684,116.41,64.236,0.27041,102.48,62.811,0.39965
117.7,49.24,0.029634,95.015,47.043,0.3934,84.63,42.926,0.61784
114.36,46.012,0.29888,106.13,43.064,0.3179,95.864,45.21,0.72674
93.493,59.43,0.59429,79.153,52.417,0.80269,70.722,49.401,0.95851
113.17,61.21,0.25879,97.499,57.152,0.31835,102.16,62.523,0.39153
138.15,65.321,-0.56236,163.81,46.936,-1.2295,178.48,45.006,-2.1517
108.28,52.147,-0.12296,138.69,36.819,-0.79596,143.07,34.278,-1.1002
109.73,70.92,-0.31816,106.59,55.546,-0.15596,111.67,33.391,-0.040615
122.02,53.461,-0.34346,143.8,41.646,-0.84741,162.18,39.54,-1.4039
110.21,61.611,-0.11278,57.875,48.494,1.0112,72.893,43.863,0.80578
120.69,74.756,-0.093038,136.84,49.703,-0.39784,153.34,46.604,-1.4703
105.01,57.64,0.10956,133.87,51.625,-0.78275,133.74,55.8,-0.80087
131.25,40.103,-0.80123,123.02,40.487,-0.80413,98.027,36.25,0.3009
85.86,69.372,0.23297,85.725,65.741,0.2058,81.429,57.996,0.22641
76.627,58.503,0.4872,80.118,42.778,0.80352,82.757,42.541,0.48754
56.388,52.518,1.3201,87.467,48.283,0.71165,117.33,63.855,-0.33314
77.909,59.779,0.58117,100.77,50.646,0.42008,135.53,64.291,-0.46682
92.61,44.086,0.2639,107.98,44.278,-0.26327,126.64,46.973,-0.73446
75.677,62.911,0.93274,83.311,64.096,0.97227,86.115,67.105,0.79132
93.473,67.895,0.27304,117.85,58.046,-0.099685,109.08,64.574,-0.11016
95.919,55.341,0.3887,79.124,47.761,1.1006,89.058,46.006,0.88746
138.41,49.136,-0.78725,151.16,52.439,-1.0074,155.4,55.576,-0.95568
119.06,51.13,0.064442,118.59,49.932,0.064189,131.39,54.833,-0.065674
106.77,75.306,0.063267,122.28,60.926,-0.4145,121.68,57.055,-0.7091
122.59,51.455,-0.35828,125.09,42.383,-0.68825,124.99,40.095,-0.59819
87.917,55.007,1.0259,81.564,53.73,1.1408,97.67,48.925,0.77908
74.626,51.9,0.72232,111.25,46.558,-0.082651,130.58,57.316,-0.29141
159.08,44.94,-1.6196,149.97,40.913,-1.2858,139.72,31.854,-1.6576
120.67,61.355,0.17583,118.64,61.851,0.23173,117.12,64.312,0.2682
103.86,55.258,0.091448,115.97,45.82,0.48578,118.79,42.497,0.44649
97.152,45.541,0.7639,148.64,28.963,-0.3114,175.16,49.236,-0.85362
108.62,36.941,0.6153,130.28,32.468,-0.89906,149.3,35.682,-2.0967
113.42,63.34,-0.16824,120.43,58.795,-0.43997,116.98,59.785,-0.65352
94.234,50.228,0.95824,96.313,44.733,0.9615,99.16,47.374,0.84403
147.15,46.292,-0.98648,144.04,41.525,-0.65032,130.63,61.578,-0.29323
152.02,47.992,-1.4186,144.31,46.078,-1.3278,144.39,51.428,-0.87901
99.108,50.325,0.65822,100.97,45.803,0.73397,116.37,60.955,-0.34406
60.105,48.22,1.614,87.794,45.249,0.94563,110.95,66.265,-0.16407
96.004,44.837,0.53803,110.16,44.692,-0.023233,119.57,47.758,-0.52112
56.526,48.147,1.2261,82.795,45.061,0.78766,112.61,42.442,-0.086695
94.322,50.64,0.23422,117.53,40.356,0.0159,118.84,48.963,-0.15103
115.72,45.53,-0.44057,120.89,37.792,-1.1438,118.55,40.892,-0.93433
101.44,45.399,-0.28845,141.26,32.589,-1.4748,167.38,51.127,-1.4887
145.49,48.503,-1.1032,143.7,46.094,-1.2229,129.22,44.683,-0.8097
103.78,63.707,0.047301,109.92,62.378,-0.11975,118.45,59.364,-0.285
66.837,57.491,1.1203,75.244,45.156,1.1034,91.166,46.201,0.18672
66.197,60.075,1,84.925,44.078,0.63471,91.556,49.861,-0.073085
66.588,47.779,0.64618,88.303,38.592,0.32647,114.9,48.627,0.075926
130.47,58.673,-0.10456,134.83,60.472,-0.10811,119.25,67.202,0.12259
113.68,47.623,-0.59992,112.58,45.426,-0.65391,114.91,47.681,-0.77992
95.84,62.328,0.064449,114.46,40.605,-0.055347,121.26,30.793,-0.048437
89.777,59.623,0.37359,92.063,42.579,0.39154,85.427,41.887,-0.14612
107.24,69.884,-0.24112,130.05,47.105,-0.11453,135.68,30.409,-0.68449
99.652,37.977,-0.063778,118,31.432,-0.72165,128.27,35.986,-0.93193
109.52,48.726,-0.49794,115.94,44.638,-0.71824,126.44,43.957,-0.68625
73.549,42.135,0.98936,83.219,31.908,0.23602,80.86,34.706,-0.18866
145.34,29.429,-1.8181,147.45,37.434,-2.1204,146.75,43.331,-2.0607
92.543,52.889,0.17248,100.98,53.208,0.020665,78.911,50.437,0.30487
97.649,54.412,0.2058,111.72,57.505,0.15209,131.46,44.105,-0.9571
104.26,36.94,0.55585,95.034,36.17,1.1394,101.42,42.781,0.88963
82,48.792,1.042,105.29,33.283,-0.13766,124.08,34.735,-1.2394
78.383,50.242,0.64858,120.28,36.389,0.20189,143.94,31.303,-0.33759
101.74,47.041,-0.64699,107.78,43.322,-0.748,111.47,40.605,-0.40395
123.76,53.172,-0.22467,134.94,46.115,-0.78033,152.52,41.621,-0.66271
103.96,66.574,0.17112,99.534,64.508,0.27002,85.339,61.534,0.34839
91.081,31.272,0.62875,114.41,22.327,-1.0498,141.57,29.173,-1.0574
83.089,57.646,0.29664,109.53,48.981,-0.20111,134.5,54.204,-0.55613
124.44,41.476,-0.12142,152.97,39.47,-1.1768,155.67,29.305,-1.3006
92.47,51.582,0.2205,84.311,43.377,0.41203,85.497,35.868,0.65613
98.093,56.36,0.21355,94.396,43.209,0.21109,108.08,33.312,-0.52914
99.819,54.923,0.44934,105.25,47.99,0.084575,116.29,50.377,-0.78101
59.076,43.753,1.1252,87.166,53.759,0.20093,74.693,44.303,0.29221
83.13,50.645,0.7579,91.69,51.744,0.48852,105.66,59.629,-0.18943
87.133,54.839,0.75474,99.946,51.899,0.48162,112.62,51.741,-0.33963
87.721,46.601,0.48445,102.23,47.018,0.21637,94.222,58.89,0.30796
67.068,44.503,0.72602,81.946,38.459,0.3328,82.644,48.31,0.5219
86.075,59.644,0.75855,90.46,35.617,0.56039,82.239,36.101,-0.096195
94.203,53.818,0.54928,112.73,44.268,0.62214,125.88,37.39,0.243
108.42,41.804,0.38717,97.023,39.884,0.56843,85.989,46.694,0.74906
81.992,54.805,0.75606,98.247,49.463,0.38072,97.597,56.098,0.09086
104.56,44.167,0.69951,112.7,40.124,-0.1455,130.63,53.434,-0.5837
99.789,49.789,-0.021057,112.18,42.694,-0.60152,136.04,53.673,-0.58
78.712,63.487,0.6712,93.948,53.66,0.72377,97.981,47.992,0.59204
78.32,54.42,0.40363,102.78,45.2,-0.47974,118.22,48.183,-0.72893
83.345,43.953,0.84551,118.91,32.545,-0.55786,146.58,43.63,-1.0369
72.449,51.933,1.2455,83.877,44.733,0.84269,91.898,48.498,-0.24108
58.637,55.336,0.74143,68.413,51.367,0.60705,57.487,51.882,0.6848
63.839,45.822,1.1913,93.459,33.954,0.72896,97.379,37.133,0.35199
101.02,39.258,0.21841,117.35,37.8,-0.44216,141.48,51.648,-0.71965
128.54,59.519,0.073945,134.08,46.928,-0.17012,116.86,37.749,-0.29994
73.052,31.132,0.74286,88.364,30.452,0.0059856,98.011,38.336,-0.27119
79.625,58.001,0.26188,93.414,50.653,0.17312,92.22,39.883,-0.20496
87.702,57.884,0.39855,94.666,52.53,0.35223,95.368,47.407,0.14893
63.346,58.46,0.99142,60.04,52.21,1.05,63.957,49.254,0.6455
120.41,53.706,-0.0074284,101.94,58.178,0.14705,83.937,53.894,0.36342
115.12,42.283,0.25896,113.41,34.642,-0.6694,130.92,42.44,-1.1724
103.8,36.215,0.22466,131.7,36.262,-1.3445,155.71,46.085,-1.5361
120.18,62.514,-0.13852,115.85,58.267,-0.016313,112.45,57.517,-0.14884
102.42,53.901,0.61978,120.18,44.901,0.30907,148.52,36.037,-1.5704
111.85,37.414,-0.33659,111.2,36.245,-0.86913,139.91,47.255,-1.2883
95.005,65.148,0.4201,96.643,61.639,0.50058,95.008,61.971,0.42232
90.207,48.44,-0.20582,102.45,43.969,-0.66181,102.24,42.102,-1.0102
111,51.88,-0.33708,130.37,49.903,-1.0863,131.18,47.451,-1.3695
119.55,66.299,-0.1884,116.21,45.529,-0.29036,107.5,29.234,0.060055
76.442,47.41,0.4709,81.382,44.315,-0.087504,75.371,46.615,-0.22604
78.977,60.891,0.28566,87.247,69.998,0.28183,85.141,71.52,0.32163
111.85,46.428,-0.29148,125.11,49.613,-0.76207,146.89,73.721,-0.59715
100.06,61.022,0.1249,98.077,60.383,-0.064192,94.309,68.66,0.28749
108.3,55.697,0.15055,108.42,47.576,-0.32902,116.15,60.527,-0.16565
88.902,56.755,0.72249,104.1,49.777,0.1922,136.55,55.138,-1.0367
91.73,64.023,0.10693,87.701,60.262,0.19338,80.617,60.092,0.28646
123.46,81.08,-0.15781,117.35,81.11,-0.033063,108.13,79.636,0.11915
90.646,69.911,0.35985,85.056,66.435,0.41115,74.055,63.877,0.55964
112.9,78.05,0.32618,110.43,75.992,0.38635,104.34,70.788,0.61939
107.2,69.267,0.17481,105.75,71.2,0.34238,94.058,74.551,0.64161
103.58,80.253,0.17538,103,73.014,0.19271,109.71,69.548,-0.08827
98.901,64.406,0.24427,93.162,61.523,0.38929,74.675,59.055,0.9308
51.262,58.458,1.5129,71.108,48.159,1.284,98.429,39.187,-0.13067
69.347,51.788,1.4962,89.841,47.153,0.57664,128.29,58.551,-0.84021
79.141,58.727,0.74544,94.911,55.707,-0.0069195,119.16,72.588,-0.43962
107.61,85.578,0.17363,106.43,79.32,0.19857,109.7,74.97,0.016697
111.37,70.521,-0.16135,105.12,71.139,0.036259,93.673,74.083,0.47795
117.56,67.525,-0.1355,110.59,64.946,-0.26297,87.659,68.331,0.50923
117.6,57.657,-0.3866,116.27,56.553,-0.56741,122.35,72.741,-0.15083
79.127,59.606,1.0008,96.469,50.126,0.66762,149.03,44.99,-0.70268
125.39,64.758,-0.4376,124.87,62.369,-0.45579,115.63,58.56,-0.41469
106.57,52.432,0.28058,102.81,50.309,0.003975,107.06,64.199,0.16441
85.816,80.138,0.67963,87.127,77.622,0.74139,73.129,79.077,1.0729
72.144,55.366,1.2102,92.133,50.597,0.32817,136.54,65.994,-0.77878
92.382,63.154,0.65468,94.74,60.542,0.64393,87.934,63.664,0.75798
122.58,65.082,-0.19133,119.66,63.977,-0.051062,113.36,72.081,0.21894
71.783,61.475,0.87037,74.738,53.053,0.47798,86.769,61.753,-0.01722
77.299,67.207,0.72144,76.906,62.056,0.43023,83.709,69.856,0.29842
107.79,64.139,-0.0054451,98.596,57.315,-0.011905,97.061,68.762,0.26745
106.68,68.886,0.24996,99.281,61.472,0.05155,97.212,67.383,0.08783
109.97,63.025,0.22395,86.721,54.934,0.48491,69.456,49.722,0.69167
89.614,50.25,0.44034,97.83,51.626,0.074156,109.4,61.695,-0.036223
83.178,59.244,0.59811,82.253,58.568,0.5468,76.153,57.006,0.67117
67.465,53.569,0.05509,27.858,20.082,0.31657,17.767,10.894,0.44037
89.711,59.447,0.76007,101.28,50.476,0.24404,92.709,50.734,-0.569
95.319,47.884,0.34413,83.567,47.494,0.47343,59.287,40.364,1.45
121.21,65.491,-0.1739,117.31,62.802,-0.1752,109.74,64.977,-0.12054
113.82,59.595,-0.10172,94.458,53.242,0.22771,85.025,57.361,0.48993
96.398,52.353,0.59637,107.57,46.438,-0.15578,134.57,62.083,-0.79636
102.27,68.451,0.29749,92.102,61.725,0.44386,78.728,55.883,0.68839
96.383,48.607,0.19985,105.36,47.649,-0.32065,125.47,68.097,-0.31186
87.332,48.561,0.96686,104.85,40.227,0.17786,141.48,51.082,-1.1845
89.733,60.754,0.6232,95.856,54.154,0.37565,109.25,59.682,-0.37442
82.057,61.675,0.75052,89.172,54.579,0.56136,104.3,58.411,-0.39081
37.166,34.921,2.8842,32.674,33.597,3.1962,23.34,28.033,4.6268
122.03,56.096,-0.012082,116.68,56.759,0.14364,125.34,58.127,0.029136
84.065,62.996,0.76437,84.441,56.245,0.73221,71.25,57.895,0.81307
97.448,57.586,0.88831,109.77,51.898,0.14769,137.7,60.887,-0.96841
102.97,48.544,0.32559,71.775,52.167,0.68146,44.347,46.83,1.4592
63.136,54.224,0.94951,63.99,55.818,0.87019,61.509,55.614,0.89542
90.37,58.905,0.62784,91.05,52.384,0.43286,92.118,53.747,0.0006972
118.55,61.328,-0.24203,126.29,60.47,-0.58186,143.98,79.251,-0.59683
102.78,57.806,-0.10554,104.29,65.121,-0.23393,121.09,79.864,-0.11702
106.48,70.205,0.57716,102.84,71.707,0.66979,93.611,74.162,0.7839
116.61,53.981,-0.21123,105.2,50.782,-0.092716,85.422,46.407,0.21693
130.19,71.75,0.17752,126.63,73.024,0.25073,125.45,74.514,0.29071
90.911,57.917,0.77254,77.97,58.547,1.057,77.768,59.962,1.029
140.01,65.665,-0.70358,139.41,66.146,-0.63684,142.52,78.593,-0.43155
106.71,55.069,0.046699,96.09,58.621,0.16888,90.03,61.515,0.28521
78.562,51.923,0.8296,75.337,51.419,0.87,59.596,47.097,1.2762
95.48,62.544,0.18371,89.279,61.674,0.18817,88.477,67.852,0.39214
97.575,73.509,0.46302,93.546,72.039,0.47729,87.938,69.517,0.54261
70.988,48.758,1.3606,81.893,44.463,0.85013,100.98,53.731,-0.023304
76.675,53.347,1.0808,94.006,47.634,0.46815,129.95,53.557,-0.51358
101.74,76.551,0.49746,98.293,78.666,0.56038,94.798,80.658,0.59194
116.24,58.193,-0.20705,112.38,56.424,-0.17854,105.22,56.284,-0.081041
120.35,52.826,-0.12535,108.61,51.062,-0.0017964,97.438,50.425,0.18713
76.935,47.884,1.0358,63.468,51.34,1.0888,47.451,46.832,1.4277
86.612,65.836,0.6164,76.933,62.915,0.70893,67.84,60.248,0.8485
109.45,56.598,-0.0097563,124.54,56.45,-0.58014,141.27,65.847,-0.89403
128.52,49.224,-0.37437,133.09,51.211,-0.53962,140.2,62.183,-0.57482
99.783,60.803,0.44607,109.11,57.601,-0.15459,128.2,69.893,-0.61665
50.286,56.274,1.3652,48.275,53.583,1.3817,35.221,45.769,1.8384
53.138,63.552,1.2704,50.167,60.535,1.2688,45.817,55.423,1.3611
91.874,69.875,0.29464,94.298,62.955,0.30795,100.63,55.735,-0.24686
69.053,80.392,1.076,68.323,77.821,1.0946,61.939,76.512,1.3019
107.36,50.759,-0.076353,97.648,48.887,0.03695,94.768,48.745,0.067528
91.543,49.167,0.19434,102.17,51.168,-0.34728,128.24,74.792,-0.32256
88.829,50.143,0.28401,94.616,50.671,-0.0027223,108.72,73.794,0.089356
89.313,48.573,0.32014,105.7,49.709,-0.43656,128.43,69.636,-0.44028
92.592,59.038,-0.090047,102.44,60.262,-0.34397,107.97,72.093,0.041894
107.42,50.456,0.36893,105.59,50.119,0.47308,87.3,56.337,0.67914
117.49,71.69,0.08354,110.64,74.093,0.20981,99.122,76.526,0.37622
118.13,61.074,-0.1522,116.32,63.625,-0.12819,100.62,69.098,0.32269
126.75,50.721,-0.5906,127.2,51.851,-0.81517,123,66.083,-0.14116
128.32,52.36,-0.36983,131.66,49.63,-1.0113,130.45,67.938,-0.3036
108.2,60.562,0.20557,109.97,59.137,0.0039157,106.13,68.931,0.37097
116.46,45.02,-0.28904,126.3,47.577,-0.76343,131.45,69.965,-0.14199
103.51,54.147,0.14232,113.41,47.671,-0.444,126.7,65.123,-0.37661
101.43,61.275,0.25654,99.38,60.619,0.2878,95.838,72.203,0.40909
121.86,52.138,-0.48194,106.48,46.408,-0.036212,94.28,46.63,0.11497
138.15,68.054,-0.50171,136.43,73.139,-0.30307,133.46,75.555,-0.17661
104.29,42.714,0.36366,115.13,41.411,-0.47396,142.14,65.853,-0.50906
113.96,50.74,-0.55048,123.83,55.298,-0.74567,137.2,74.117,-0.3647
49.752,44.358,1.1277,58.486,49.268,0.72505,59.137,48.687,0.78976
102.1,50.222,0.24132,106.05,53.375,0.10935,107.53,57.219,0.079637
96.034,75.681,0.072629,90.086,74.476,0.1877,75.608,68.57,0.50309
110.73,48.785,0.11942,125.62,46.733,-0.82778,142.67,69.652,-0.57788
111.79,51.951,-0.42769,132.65,61.519,-0.64305,140.34,74.922,-0.535
80.468,60.686,0.63447,60.941,61.612,1.0567,64.895,59.684,1.0468
74.263,65.196,0.43002,84.122,67.307,0.10969,102.64,78.114,0.22485
91.393,65.562,0.38179,72.451,67.611,0.65914,79.569,71.862,0.70309
74.913,62.16,0.4891,56.675,56.548,1.0895,63.265,56.523,0.79735
79.487,61.922,0.58539,78.054,61.481,0.38217,91.953,69.859,0.074337
95.67,64.467,0.4341,90.219,63.999,0.44165,97.205,63.422,0.24734
126.99,73.181,-0.26854,90.82,79.256,0.44127,98.715,77.088,0.40757
88.408,66.538,0.43568,85.881,61.665,0.48093,85.102,64.382,0.60211
103.95,77.202,0.11344,97.778,70.136,0.27053,106.45,66.46,0.1773
98.798,66.504,0.37478,98.963,69.266,0.27229,116.89,70.126,-0.018692
97.982,73.628,0.30269,89.632,68.77,0.23663,102.74,75.947,0.17994
109.08,66.096,0.1691,97.698,63.168,0.31999,96.527,77.206,0.38432
78.839,61.781,0.56957,90.949,62.51,0.21766,115.95,77.24,0.05576
112.13,67.809,-0.071579,93.722,77.455,0.32159,106.93,80.589,0.22095
90.37,67.627,0.67493,82.013,67.646,0.73626,93.475,72.019,0.63649
88.541,70.888,0.67517,77.085,70.145,0.87578,85.335,70.454,0.67394
122.52,74.22,-0.44033,90.249,83.122,0.34383,98.849,82.097,0.3134
90.786,69.197,0.33559,47.548,50.946,1.3186,54.534,51.664,1.312
97.195,61.065,0.44221,81.99,60.808,0.57564,75.993,54.803,0.59853
93.066,63.899,0.7937,90.077,57.812,0.75895,89.528,57.067,0.78436
129.48,72.692,-0.40256,78.642,79.422,0.63651,88.357,78.822,0.55036
91.149,66.991,0.76661,92.222,68.426,0.32416,101.93,70.89,0.093563
75.538,74.337,0.83773,65.369,72.313,1.1156,69.194,66.65,0.85425
90.726,77.967,0.55155,97.247,74.312,0.49326,110.72,71.193,0.23729
96.889,71.945,0.24441,86.489,66.115,0.44246,71.724,62.56,0.95598
107.99,77.822,0.18809,93.071,70.825,0.50702,101.4,74.82,0.40261
100.33,70.508,0.27278,89.895,64.979,0.35794,65.582,63.124,0.96018
92.624,73.946,0.17744,63.399,70.383,0.87167,64.267,69.227,0.87884
90.114,63.18,0.39411,88.39,57.033,0.0075407,99.03,64.175,0.061115
75.597,73.759,1.0446,79.409,73.648,0.93635,70.173,61.928,0.65815
106.89,71.748,0.066225,78.678,73.187,0.65867,85.183,76.383,0.68969
110.14,61.862,-0.047393,88.884,64.756,0.24864,97.301,66.679,0.27513
141.16,62.868,-0.57465,82.686,74.96,0.43125,86.403,70.441,0.50056
82.616,69.25,0.4677,106.49,65.228,-0.023857,117.66,70.316,-0.16955
132.54,67.67,-0.34156,103,79.349,0.21127,110.71,77.251,0.12991
111.8,78.686,-0.0022719,105.04,81.907,0.11513,112.26,81.634,0.0019542
101.51,66.81,0.26233,99.408,67.118,0.26586,104.35,65.96,0.19402
110.27,64.692,0.13097,109.72,68.952,0.025895,115.77,72.836,-0.0043311
110.82,57.617,0.16849,113.93,57.888,-0.26655,125.97,71.768,-0.13833
76.938,67.068,0.93298,70.819,65.222,1.0764,69.229,64.366,1.1668
93.456,70.734,0.32639,87.827,69.806,0.31391,88.82,68.952,0.41569
88.989,70.861,0.5145,76.411,68.662,0.68468,86.574,73.511,0.59172
108.53,72.217,0.2545,98.261,74.482,0.50624,92.04,75.033,0.62141
106.88,65.471,0.2511,117.48,56.299,-0.41324,126.93,70.395,-0.23168
80.959,73.516,0.36477,50.136,55.777,1.0007,68.124,62.625,0.96514
91.502,71.04,0.29505,86.889,70.189,0.22699,88.579,71.199,0.25929
115.05,65.019,0.023628,81.326,68.649,0.67281,88.876,68.847,0.63379
122.4,54.032,0.078063,101.41,61.337,0.19933,102.29,68.223,0.32573
97.11,71.822,0.37328,83.595,63.507,0.73136,70.95,62.018,1.0802
101.65,57.029,0.21796,93.015,54.667,0.15075,86.815,53.286,0.27348
85.742,71.157,0.78825,83.4,58.116,0.60634,70.796,51.481,0.72613
83.105,78.238,0.57782,79.384,74.515,0.63274,87.027,75.868,0.51275
101.79,66.813,0.080932,88.949,67.331,0.39212,94.158,75.621,0.50807
93.413,58.495,0.41676,98.754,58.4,0.56339,95.444,65.515,0.746
119.96,68.501,-0.14575,87.396,62.443,0.54853,97.623,73.955,0.61472
93.005,58.416,0.14748,82.313,57.522,0.1956,78.334,56.199,0.24675
87.036,71.079,0.43345,79.537,70.818,0.60694,76.496,71.806,0.77182
130.17,64.753,-0.3774,119.39,77.053,-0.081049,124.2,78.743,0.070459
64.425,51.608,1.1395,70.377,60.548,0.62253,78.317,69.598,0.58765
109.81,58.398,0.053906,102.98,57.642,-0.19872,105.33,64.109,0.066384
75.967,65.313,0.74675,71.646,56.119,0.90951,61.485,57.07,1.1529
140,64.436,-0.53746,124.06,73.621,-0.18567,128.91,71.29,-0.162
98.303,76.182,0.32945,93.158,76.332,0.40824,89.555,73.253,0.51827
106.72,63.069,0.082102,112.3,66.638,-0.016266,111.99,71.938,0.13933
123.7,67.371,-0.52479,98.633,80.969,0.19847,107.53,81.671,0.21849
117.9,55.239,0.043497,107.7,53.555,0.037101,103,55.834,0.072345
80.818,66.973,0.66125,65.699,54.058,0.88697,58.446,51.722,1.2965
104.17,76.748,0.22599,105.57,73.033,0.054561,109.95,77.248,0.025598
117.04,56.255,-0.24582,86.816,71.067,0.18959,97.234,78.003,0.37955
84.042,64.482,0.84176,78.02,59.7,1.0122,74.902,62.317,1.0322
114.56,74.301,0.031932,82.729,52.689,0.6816,87.567,58.626,0.66606
83.28,73.658,0.94519,80.014,67.947,0.48268,96.085,75.516,0.24761
112.83,78.445,-0.097784,80.292,76.337,0.64327,75.67,71.375,0.70921
86.716,69.764,0.29092,104.38,67.269,0.14976,124.47,64.66,-0.29106
137.42,68.708,-0.12129,88.005,77.221,0.77576,89.018,75.821,0.70249
93.019,61.467,0.30339,88.539,61.913,0.21587,93.095,70.521,0.36785
121.29,72.308,-0.15176,62.841,65.851,1.0837,75.985,71.989,1.2013
125.99,71.07,-0.27354,72.5,61.525,0.6085,80.408,63.047,0.84146
111.83,70.249,0.23541,104.13,69.524,0.1728,104.3,72.427,0.10505
103.84,63.343,0.42878,109.64,59.75,0.2713,98.326,61.064,0.42509
114.65,68.326,-0.18335,105.81,69.517,-0.019048,109.44,67.26,-0.11992
122.07,67.288,-0.21111,96.789,74.753,0.24857,102.69,76.272,0.29828
116.17,81.041,0.10382,84.044,73.305,0.51104,98.865,79.415,0.41834
108.65,68.203,0.02185,111.08,69.593,0.017254,103.49,70.81,0.34382
111.05,76.659,0.12702,109.11,68.158,0.0038192,114.3,62.851,0.039304
112.92,60.929,-0.37126,65.975,74.324,0.64941,83.407,82.024,0.67484
109.32,76.143,0.091811,106.3,72.112,0.016951,115,78.881,-0.067363
65.859,68.146,1.1727,83.071,66.76,0.73101,84.23,69.52,0.6647
87.467,66.973,0.62239,86.999,60.322,0.29279,107.18,73.703,0.11416
111.78,65.133,0.073585,101.08,65.636,0.44964,88.992,67.584,0.70501
93.789,69.28,0.66271,85.257,69.656,0.6405,84.945,71.424,0.53842
100.07,67.106,0.36469,99.915,70.006,0.47058,97.019,78.827,0.43269
102.43,63.673,0.1498,80.221,75.006,0.47665,86.234,82.557,0.56429
102.3,81.033,0.14361,92.991,68.57,0.252,64.081,50.598,0.84517
112.49,68.561,0.090527,94.264,63.958,0.40417,71.75,48.726,0.55102
96.237,65.781,0.29722,93.786,62.08,0.28946,91.952,64.813,0.31694
94.753,74.165,0.22145,73.824,62.844,0.63395,74.33,60.769,0.80697
90.14,74.943,0.49952,71.703,62.454,0.92581,67.278,58.244,0.969
90.14,77.889,0.37217,81.88,64.576,0.32474,73.124,61.076,0.60982
116.74,73.144,-0.083915,92.284,68.558,0.39942,87.152,63.721,0.53171
210.69,47.633,-2.5657,206.32,52.057,-2.4518,200.55,57.784,-2.1132
207.72,46.389,-2.3872,199.94,55.841,-2.0947,191.49,65.472,-1.6243
214.81,32.76,-2.4598,192.07,51.079,-1.5103,178.01,66.385,-1.0345
203.82,50.591,-2.5957,207.42,47.19,-2.6729,211.12,42.11,-2.8402
198.27,60.613,-1.8905,198.47,59.204,-1.9166,194,56.625,-1.5888
202.75,55.203,-1.9688,201.51,55.718,-1.9612,188.71,57.551,-1.4081
207.39,48.307,-2.2397,201.33,53.379,-2.0858,186.01,68.275,-1.5406
218.03,29.805,-3.4946,209.46,42.325,-2.8729,201.91,51.282,-2.1632
178.87,67.363,-1.0131,173.6,68.111,-0.93852,161.83,74.81,-0.67493
200.91,60.874,-1.9954,200.24,58.38,-1.963,195.85,65.471,-1.7586
194.99,59.018,-1.6401,186.21,76.562,-1.5991,181.9,73.043,-1.4549
203.53,52.185,-2.088,195.32,53.604,-1.8722,179.01,60.748,-0.91739
193.26,57.88,-1.7598,196.83,54.017,-1.8094,190.79,60.229,-1.5704
220.67,25.803,-4.0659,214.04,41.308,-3.1857,203.12,51.878,-2.4129
196.71,63.936,-1.8397,195.26,63.982,-1.8267,187.67,62.12,-1.4481
204.78,47.132,-2.5535,203.75,48.969,-2.418,194.55,53.523,-2.012
208.28,46.93,-2.9456,210.55,46.021,-2.9335,202.63,55.192,-2.2411
205.19,49.997,-2.3187,203.39,49.101,-2.2122,195.93,58.572,-1.8569
208.3,44.919,-2.2273,201.13,55.07,-1.947,192.71,64.232,-1.6648
200.36,57.006,-1.9785,201.88,54.569,-2.0101,192.9,66.12,-1.7157
214.54,42.106,-2.9232,214.51,39.438,-2.8542,207.07,55.833,-2.404
214.76,34.464,-3.1587,206.45,45.366,-2.5778,195.93,57.618,-1.929
183.17,63.298,-1.1491,179.29,69.667,-1.0551,171.9,71.958,-0.84104
214.85,39.337,-3.5032,215.1,33.733,-3.7146,203.61,46.084,-2.6831
197.45,49.86,-1.8536,191.6,58.012,-1.6471,181.71,67.035,-1.2534
199.16,40.928,-2.6694,200.2,44.26,-2.6901,197.56,41.63,-2.4036
189.51,60.422,-1.2675,179.44,73.337,-1.0914,172.03,74.884,-0.95524
213.93,41.19,-2.8325,209.87,50.071,-2.6837,204.62,59.459,-2.2904
195.8,56.992,-1.6805,189.17,62.583,-1.5132,187.9,64.361,-1.3909
207.01,48.257,-2.1483,207.2,47.255,-2.169,199.4,61.078,-1.9231
210.65,36.604,-2.6282,202.14,49.021,-2.1022,195.94,60.692,-1.8051
213.42,42.543,-3.0845,212.58,41.964,-3.0776,204.17,43.325,-2.092
204.83,42.755,-2.2685,197.46,55.179,-2.0378,189.46,64.472,-1.696
208.3,45.746,-2.5693,197.58,52.162,-1.9981,188.2,62.221,-1.5276
213.18,37.627,-3.1051,211.18,41.891,-2.9767,201.94,49.005,-2.43
213,37.363,-2.7136,209.25,41.886,-2.5572,198.24,57.802,-1.9939
199.11,56.457,-1.8559,195.67,57.22,-1.7057,189.64,65.73,-1.5492
207.78,44.345,-2.333,202.03,47.695,-2.1244,189.53,57.05,-1.4021
205.84,46.919,-2.1824,198.99,60.042,-2.0161,193.5,61.53,-1.6537
217.73,35.925,-3.4431,215.55,35.852,-3.3474,207.09,48.769,-2.4745
192.34,60.52,-1.4378,192.25,61.57,-1.4474,187.9,62.527,-1.3238
204.6,50.348,-2.1668,204.32,49.287,-2.1391,192.34,60.496,-1.5248
206.44,46.976,-2.2066,200.98,55.392,-2.0287,193.15,64.628,-1.7816
200.52,52.463,-1.9188,192.29,61.379,-1.7329,181.53,66.764,-1.3289
204.15,40.829,-2.2548,198.62,54.377,-2.2386,189.49,59.949,-1.6027
196.09,56.927,-1.5358,192.22,60.927,-1.4448,180.91,63.628,-1.1829
210.03,40.555,-2.5144,202.71,51.588,-2.2162,193.5,63.185,-1.8749
204.76,46.38,-1.7932,199.02,53.759,-1.6804,188.22,68.279,-1.4769
203.03,51.643,-2.0398,202.13,53.772,-2.061,202.89,54.341,-2.0678
190.07,64.585,-1.2823,186.49,65.911,-1.2489,176.05,76.181,-1.0114
211.3,41.209,-2.6538,206,48.433,-2.4682,190.42,62.191,-1.7623
204.98,51.08,-2.4935,200.53,53.873,-2.3785,195.45,53.113,-1.9925
198.09,56.798,-1.9459,192.31,61.043,-1.7313,186.98,68.395,-1.5654
209.56,51.8,-2.6514,208.01,52.679,-2.6656,205.98,54.215,-2.4308
204.35,56.251,-2.4399,203.15,55.319,-2.3952,200.71,57.992,-2.2289
184.09,67.352,-1.2412,173.48,75.915,-1.0709,159.48,84.025,-0.79463
208.59,47.356,-2.6914,206.27,54.143,-2.5663,201.68,60.64,-2.3334
205.23,48.14,-1.9479,200.07,54.009,-1.8634,190.46,66.575,-1.5967
203.93,46.218,-2.0627,190.94,57.245,-1.6027,174.6,70.971,-0.91096
208,51.726,-2.3399,192.61,57.21,-1.8275,180.95,66.718,-1.1857
214.41,39.604,-2.7973,208.87,50.263,-2.5323,202.59,60.808,-2.2246
199.09,54.234,-2.1078,189.3,62.266,-1.76,178.8,68.858,-1.3223
207.19,52.068,-2.4901,189.59,57.707,-1.775,177.74,65.685,-1.1518
214.87,40.206,-3.4483,209.32,42.609,-2.9628,197.42,56.016,-1.7608
209,47.008,-2.6258,201.98,60.722,-2.3071,201.28,63.981,-2.1407
205.69,49.649,-2.6098,200.24,57.973,-2.2433,193.21,66.029,-1.8844
206.22,46.506,-2.5849,203.85,46.14,-2.4672,190.34,56.675,-1.6072
209.84,49.236,-2.5519,206.72,51.654,-2.4644,199.52,60.846,-2.0798
201.53,57.88,-2.0548,197.62,57.19,-1.9094,197.47,55.207,-1.7975
217.07,37.625,-3.689,214.69,40.335,-3.4906,210.83,47.333,-3.1006
199.96,52.393,-1.7899,196.2,57.61,-1.6847,188.11,67.017,-1.4225
201.94,50.556,-2.0178,193.82,63.414,-1.8819,192.56,68.26,-1.8082
208.64,51.216,-2.656,204.31,53.815,-2.365,200.03,56.336,-1.8931
202.75,55.474,-2.1104,200.17,55.928,-1.9835,197.18,58.342,-1.7114
217.35,30.464,-3.1407,209.43,46.248,-2.919,202.76,53.387,-2.2939
196.49,62.06,-1.6003,184.4,75.098,-1.4229,175.98,80.578,-1.2187
207.61,48.259,-2.4626,202.9,50.897,-2.2174,196.44,54.537,-1.6476
211.24,36.334,-2.3573,207.84,44.455,-2.2964,208.06,49.747,-2.1693
205.99,41.423,-2.5872,200.38,48.94,-2.2957,194.36,58.466,-1.8531
209.12,42.511,-2.4158,200.42,53.92,-2.192,189.49,62.272,-1.6277
206.33,51.976,-2.2564,201.71,55.983,-2.0975,198.36,57.843,-1.9544
211.66,46.121,-2.5923,209.69,48.297,-2.5473,206.27,51.68,-2.3554
199.8,49.933,-1.9793,192.19,55.963,-1.7155,183.15,65.617,-1.4344
207.41,49.819,-2.2792,203.44,50.98,-2.1319,204.71,49.03,-2.1911
203.99,55.563,-2.0297,200.42,56.451,-1.9238,196.74,56.689,-1.6697
194.89,55.086,-1.7313,185.05,65.195,-1.5224,172.35,70.818,-1.0903
195.29,65.214,-1.6124,191.83,65.286,-1.5945,176.03,67.6,-1.0013
202.89,57.567,-2.0399,201.9,53.423,-2.0722,192.66,56.808,-1.7584
203.62,55.326,-1.9837,205.37,49.619,-2.1497,192.39,66.814,-1.6627
207.4,51.322,-2.2501,202.41,55.626,-2.1752,196.77,60.064,-1.9933
204.31,51.363,-2.2291,200.78,48.697,-2.0065,190.82,57.115,-1.361
209.15,45.425,-2.4089,201.54,56.756,-2.1396,197.03,61.246,-1.9634
198.36,57.913,-2.0154,192.27,60.639,-1.848,186.46,61.933,-1.5784
215.03,31.916,-3.762,206.41,41.648,-2.9431,187.53,56.254,-1.5077
212.73,39.685,-2.8958,207.7,46.594,-2.7063,199.58,53.421,-2.2062
207.63,49.334,-2.349,202.66,50.878,-2.1923,188.21,61.927,-1.3853
211.84,44.997,-2.8034,207.26,45.963,-2.6528,198.53,52.778,-2.1982
209.74,39.019,-2.4914,201.83,49.479,-2.139,190.35,61.198,-1.5102
210.14,47.424,-2.4764,208.32,49.932,-2.4352,202.71,49.606,-1.9722
201.65,53.535,-1.8868,200.51,54.458,-1.8929,188.35,69.743,-1.5678
126.2,56.016,-0.69649,137.31,61.577,-0.4944,115,66.829,0.2684
138.01,62.851,-0.44302,144.35,59.8,-0.60437,99.223,59.672,0.46658
93.83,53.529,0.31597,125.45,59.35,-0.25381,119.64,79.186,0.14458
121.92,70.654,0.060138,114.29,53.608,-0.021101,67.612,40.617,1.6454
132,52.986,-0.20992,125.62,53.751,0.072331,112.59,55.874,0.4323
123.06,72.169,0.39747,136.49,71.071,0.039044,107.71,84.471,0.6297
149.9,57.845,-0.40418,139.81,53.881,-0.40157,124.89,54.578,-0.084801
134.01,49.422,-0.80262,147.74,56.785,-0.5263,112.86,80.659,0.38237
158.6,57.196,-0.80501,149.7,59.579,-0.47656,106.02,77.424,0.66127
108.93,45.916,-0.36276,116.78,50.013,-0.67403,66.336,43.992,1.4248
150.56,57.022,-0.5809,132.3,44.1,-0.58068,117.65,47.644,-0.24358
79.5,55.648,1.5954,105.27,54.968,0.82973,65.633,62.797,1.9092
106.17,51.692,0.24949,118.04,52.882,0.1354,73.345,46.278,1.1905
127.09,46.196,-0.45737,132.32,40.325,-0.79693,107.27,54.246,0.50169
121.15,52.021,-0.13002,126.34,35.118,-0.52135,91.145,33.47,0.56088
139.26,51.142,-0.10522,113.72,47.725,0.7148,71.277,54.732,1.9319
119.89,64.894,0.044271,112.57,67.24,0.2163,88.96,58.824,0.70439
145.95,71.248,-0.5634,137.34,69.482,-0.4597,124.3,72.56,-0.13261
140.2,60.059,-0.36067,124.05,56.128,-0.29531,111.1,46.659,-0.29283
120.62,56.67,-0.10877,103.64,51.365,0.089229,85.655,49.698,0.69576
113.86,69.799,0.079927,99.285,54.853,0.12419,97.682,54.876,0.11808
164.96,58.07,-0.87881,151.61,51.66,-0.67861,122.74,57.495,-0.059182
133.39,58.924,-0.009723,131.29,56.848,0.011807,100.11,64.262,1.0354
171.39,48.173,-1.8341,161.83,48.808,-1.2329,138.31,68.314,-0.097898
127.1,58.961,-0.5953,124.39,64.684,-0.16071,102.16,68.32,0.56027
128.34,53.451,-0.48335,106.39,47.86,-0.23272,91.174,58.048,0.77595
131.08,59.226,-0.44066,132.14,60.156,-0.34018,107.61,69.111,0.57039
129.74,57.289,-0.26544,126.06,56.15,-0.32694,114.34,59.972,0.19121
115.76,70.883,0.22839,103.42,56.402,0.31058,92.055,56.145,0.33852
161.12,49.363,-0.74731,142.76,44.17,-0.6992,129.56,53.741,0.11377
166.71,57.022,-1.3112,142.15,58.008,-0.51248,130.83,62.754,-0.036628
153.09,46.322,-0.87475,138.08,40.411,-0.69508,130.68,40.65,-0.60387
140.03,36.606,-0.48702,122.31,39.557,-0.79012,132.41,53.017,0.044509
149.29,39.539,-0.96237,108.93,38.81,-0.4989,84.648,58.696,0.61632
130.87,67.439,-0.22244,114.57,51.302,-0.28418,103.51,46.782,-0.3449
114.77,53.348,0.4572,118.11,48.162,0.098968,84.91,52.311,1.2066
138.27,38.456,-0.34969,131.61,30.587,-1.1041,102.03,44.34,0.63504
128.29,54.982,-0.50822,105.64,48.38,-0.31464,94.167,59.235,0.65544
159.68,58.837,-0.69426,144.31,54.45,-0.38264,123.73,53.268,-0.15119
140.66,55.327,-0.41391,147.3,53.176,-0.82502,133.06,62.551,-0.16127
131.95,44.524,-0.78638,121.31,45.151,-0.77992,134.92,71.118,-0.11688
111.48,43.347,-0.50456,126.24,50.206,-0.78595,75.526,33.247,0.67161
131.29,56.734,-0.31116,124.46,58.672,-0.034532,106.24,55.47,0.43731
137.28,61.91,-0.35863,121.16,58.736,-0.24351,113.97,51.316,-0.32127
154.21,56.668,-0.69155,137.1,47.414,-0.42901,119.01,56.84,0.11197
111.52,44.896,-0.0026732,92.623,41.369,0.057123,99.879,55.546,0.63162
136.73,66.796,-0.32364,122.27,53.661,-0.23154,109.28,58.621,-0.044834
138.59,33.225,-0.82301,126.96,37.907,-1.0336,106.82,59.678,0.41924
165.44,54.472,-1.3054,145.16,55.592,-0.48043,134.31,64.104,0.0042866
150.77,65.937,-0.55906,137.34,67.028,-0.36048,119.53,56.941,-0.26655
127.61,66.057,0.16765,123.89,62.43,0.33437,97.106,74.589,0.89916
102.29,57.441,0.26769,102.52,60.49,0.26116,68.754,51.243,1.3289
131.81,44.915,-0.65549,119.69,44.554,-0.66372,131.99,69.362,-0.021095
161.22,49.178,-1.1885,157.27,52.922,-0.96952,139.97,64.55,-0.11543
121.68,55.086,0.31165,114.66,54.152,0.43913,86.874,60.861,1.4018
117.77,59.859,-0.33055,110.66,59.549,-0.025797,92.053,58.977,0.67957
138.12,44.363,-0.96388,130.88,47.355,-0.93432,142.49,73.856,-0.23554
120.05,59.457,0.046536,114.02,53.067,0.0079787,120.22,50.86,-0.24142
169.11,51.471,-1.0924,156,49.08,-0.83973,137.28,45.952,-0.72599
108.2,48.261,0.21332,120.67,48.721,-0.41248,113.76,65.042,0.21244
127.16,55.574,-0.23826,120.9,56.053,-0.094292,106.43,52.324,0.21605
163.63,52.225,-1.3879,150.5,54.281,-0.77886,126.31,73.974,0.16266
119.57,51.949,-0.19438,113.97,45.473,-0.41344,72.132,38.28,1.5535
120.44,45.494,-0.28531,102.13,43.259,-0.045346,92.954,53.654,0.7199
162.16,58.705,-0.88795,150.18,52.413,-0.6182,121.8,60.889,0.036823
140.7,47.14,0.14354,145.12,40.486,-0.85939,145.59,69.129,-0.20569
126.31,70.338,0.10426,122.13,59.127,-0.074485,74.485,44.389,1.339
119.76,71.094,0.075589,117.74,54.868,-0.068369,67.037,41.243,1.6143
123.76,46.006,-0.24077,142.36,52.436,-0.56673,96.637,42.415,0.57811
123.62,65.908,-0.14935,99.273,48.406,-0.068879,85.198,49.348,0.097043
118.4,40.147,-0.68441,119.09,37.374,-1.2004,112.17,56.551,0.21457
120.76,52.862,-0.02843,105.27,49.965,0.24179,101.26,50.056,0.34482
137.36,64.573,-0.28504,119.49,47.392,-0.124,122.34,46.166,-0.44099
128.5,46.344,-0.65247,121.13,48.851,-0.65567,132.69,66.964,-0.22524
137,68.849,-0.45527,118.8,55.115,-0.36563,114.34,58.425,-0.30656
130.54,48.992,-0.040242,101.7,48.234,1.0389,76.114,53.785,1.8075
122.71,54.765,-0.31707,114.76,42.214,-0.42993,78.722,38.704,0.69642
117.92,45.853,-0.16083,105.33,44.079,-0.14755,103.39,58.068,0.46627
130.9,59.26,-0.52273,138.52,63.831,-0.5146,119.4,69.049,0.24124
123.94,49.054,-0.61834,124.74,58.403,-0.029314,117.33,66.315,0.36287
134.99,60.379,-0.56027,114.17,54.379,0.018084,96.249,53.785,0.65903
135.87,70.803,-0.12026,126.55,63.139,-0.082412,104.93,58.002,-0.012049
127.82,56.449,0.12036,156.14,59.821,-0.45103,160.62,66.557,-0.5672
119.19,56.074,-0.41273,123.64,55.333,-0.47543,111.02,58.972,0.023095
151.35,54.314,-0.72755,158.29,57.712,-0.69187,164.33,66.73,-0.6696
141.15,73.224,-0.64935,147.87,74.236,-0.72506,153.76,81.64,-0.7031
162.61,57.709,-0.95691,168.01,60.553,-0.87444,168.39,69.289,-0.7875
117.3,49.045,0.028203,116.77,46.196,-0.009669,107.57,52.008,0.31433
134.55,45.305,-0.048376,137.09,46.261,0.04412,130.54,56.439,0.088647
155.88,56.858,-0.68934,156.9,61.788,-0.64964,161.75,70.975,-0.59915
115.39,47.588,-0.21938,138.34,52.396,-0.7024,149.25,70.342,-0.59586
123.95,63.366,-0.20029,140.84,63.942,-0.57812,148.18,76.345,-0.60549
163.36,54.491,-0.71662,164.3,59.812,-0.58781,161.74,68,-0.48283
153.56,53.808,-0.68914,158.35,56.348,-0.78512,168.83,66.485,-0.80017
141.12,43.409,-0.52408,142.06,43.525,-0.51156,132.78,50.047,-0.20758
159.26,56.923,-0.74811,160.26,60.789,-0.69067,164.61,70.286,-0.61839
142.77,75.014,-0.63571,148.63,75.711,-0.69411,154.32,83.874,-0.70639
131.49,56.484,0.1193,130.79,55.629,-0.013703,128.51,63.485,-0.026184
109.04,51.98,0.44661,139.36,50.079,-0.68414,145.72,70.669,-0.56247
171.18,64.036,-1.1453,174.61,66.766,-1.1454,176.45,72.088,-1.0808
97.04,95.55,0.4334,68.006,61.705,0.54928,14.747,11.833,2.5461
101.66,44.975,0.12232,64.265,47.97,0.095819,41.774,32.227,1.0429
113.8,63.888,-0.17609,28.077,37.629,1.3671,36.411,26.017,0.95461
90.225,89.808,0.3779,21.402,23.535,1.2179,18.973,20.495,1.3627
65.441,78.617,0.72417,58.158,69.078,0.76853,55.03,66.777,0.90393
106.7,82.622,0.52076,56.761,41.279,0.88887,36.215,25.274,0.90761
77.913,83.131,0.9069,48.771,42.384,0.89258,54.212,55.146,1.2036
100.69,78.706,0.25106,66.048,52.018,0.74136,61.991,53.176,0.93596
129.81,63.758,-0.57018,32.951,44.593,1.3292,40.676,26.605,0.77562
104.56,84.4,-0.15413,76.21,62.371,-0.028558,11.463,13.138,1.9231
105.16,47.265,-0.2278,50.982,52.368,0.74385,37.464,36.478,1.1358
61.613,73.133,0.74868,55.187,64.326,0.76148,43.128,53.064,1.0245
84.673,84.325,0.43578,46.366,52.927,1.3285,60.504,63.764,0.86494
73.981,81.541,0.43604,34.732,39.33,0.74224,45.153,50.492,0.61557
99.715,95.897,0.41285,46.338,40.965,0.83858,32.498,28.609,1.0828
91.64,94.137,0.33897,54.544,55.753,0.58543,34.208,35.044,0.76859
68.313,49.718,0.41285,20.067,24.169,1.6656,19.433,11.586,2.1995
77.105,85.331,0.51229,55.049,60.542,0.57115,42.809,51.055,0.94732
74.313,75.629,0.57273,14.319,16.695,2.1825,31.954,29.284,1.0904
102.2,86.54,0.37901,42.059,26.265,0.34952,37.582,23.483,0.40639
88.675,58.587,0.34723,35.101,37.259,1.0788,34.379,29.375,1.1828
76.437,82.364,0.7379,27.167,29.056,1.5473,33.772,33.75,1.329
74.122,67.67,0.89754,34.814,37.386,1.1999,50.86,58.633,1.2083
81.888,77.515,0.84534,67.286,58.596,0.83531,26.268,20.277,1.0355
100.63,69.198,0.26117,36.683,40.243,1.0592,45.777,32.594,0.60485
65.447,78.289,0.60091,57.98,69.21,0.63219,49.567,62.35,0.8314
95.863,86.61,0.30211,22.529,22.235,1.334,19.679,18.782,1.5511
73.693,79.595,0.45454,70.94,74.419,0.45053,61.567,69.166,0.61431
100.99,87.727,0.20067,74.135,62.912,0.29294,15.542,15.541,2.0122
78.718,75.715,0.57852,34.973,42.803,1.2461,45.972,45.016,0.90009
114.73,92.376,-0.070336,27.102,27.715,1.437,32.231,28.507,1.0157
97.711,91.688,0.4369,45.621,44.844,0.89591,32.058,31.325,1.2506
95.043,83.335,0.35623,52.761,61.493,1.2724,51.858,57.864,1.3103
103.37,89.763,-0.01418,65.712,57.159,0.14864,12.492,12.84,1.8767
102.33,65.214,0.060595,33.704,38.45,1.2276,35.505,26.023,0.99831
91.783,87.9,0.43475,36.133,30.776,1.888,49.412,44.187,0.73524
103.1,90.622,0.23617,50.475,47.739,0.8877,24.382,19.432,1.0067
71.361,69.116,0.5607,20.922,27.18,1.6154,33.897,32.616,1.0612
89.231,86.96,0.42226,60.233,55.358,0.54748,53.421,51.656,0.689
75.699,67.31,0.57538,44.983,30.543,0.36015,19.436,15.224,0.84758
86.451,59.392,0.93766,56.405,29.534,-0.25079,63.523,53.099,1.3328
95.181,89.693,0.28772,75.861,64.512,0.28469,14.112,16.148,2.6194
73.084,72.571,0.56237,74.168,69.52,0.49512,62.781,66.783,0.70465
100.19,67.005,0.15824,29.467,29.874,0.94268,22.518,19.146,1.7334
88.137,96.042,0.48198,72.424,75.24,0.49507,14.416,15.072,2.2879
61.339,72.645,1.2686,31.769,30.715,1.0751,43.508,48.908,1.5074
85.892,66.617,1.1515,65.369,30.565,-0.59359,46.811,30.207,1.1416
83.861,87.191,0.37778,74.572,74.187,0.33155,38.995,43.314,0.91889
101.77,99.592,0.16261,31.654,34.013,0.94008,47.806,48.67,0.64293
68.931,92.561,0.90183,34.432,45.536,1.2547,26.848,34.505,1.2727
73.066,68.23,0.70559,26.449,29.057,1.4119,30.205,27.283,2.4243
62.901,67.536,0.98987,54.003,52.738,1.0748,53.51,62.973,1.2108
75.477,73.871,0.8799,38.932,29.408,1.2938,54.728,59.455,1.253
68.559,78.121,0.66614,47.181,52.282,0.85343,15.875,20.406,2.1953
99.588,55.794,0.38647,64.285,41.211,0.15155,69.263,56.892,0.91192
59.994,70.481,1.1682,34.581,43.199,1.5976,28.864,38.618,2.2132
51.686,73.178,1.2322,51.719,70.278,1.1727,49.364,69.865,1.2645
72.863,56.328,0.49093,17.638,19.406,1.928,25.62,15.18,1.4552
64.493,80.934,0.84208,57.125,69.636,0.81702,30.799,39.309,1.3388
56.236,70.951,0.98982,17.739,27.08,2.3981,21.336,29.029,2.0225
54.006,72.942,0.93392,22.792,35.486,1.6355,33.246,49.796,1.4417
58.754,74.334,0.98045,45.624,55.29,1.1305,50.772,66.66,1.1516
52.993,62.974,1.2802,18.355,25.285,3.0845,20.644,28.25,3.5115
60.335,64.05,0.72268,10.607,11.571,2.1868,28.133,28.601,1.3803
47.817,66.856,1.0959,26.842,38.079,1.4212,34.543,50.334,1.3506
70.606,86.471,0.89453,28.485,34.909,1.9319,48.043,58.706,1.364
97.109,90.308,0.50541,46.711,41.757,0.79047,31.617,27.385,0.93922
81.697,50.69,0.24865,55.45,50.056,0.53115,45.072,38.843,0.68186
122.92,55.473,-0.68524,25.736,30.215,1.8326,59.362,34.62,0.6664
86.429,59.601,0.94768,40.92,31.004,0.70433,36.342,24.145,1.3014
91.786,81.68,0.22231,78.084,67.469,0.25526,30.448,31.626,1.1168
76.277,86.992,0.72541,48.847,51.83,0.86857,56.719,66.377,0.94243
85.935,72.811,0.69957,44.69,38.971,0.64191,45.875,33.417,0.76283
98.777,84.503,0.36896,31.57,23.975,0.76824,24.292,18.935,1.0065
94.41,78.036,0.38734,42.43,37.786,0.97529,63.423,56.395,1.1026
77.207,88.108,0.81662,64.125,66.064,0.82441,19.792,21.608,2.0882
91.151,44.017,0.71043,83.266,43.969,0.28364,52.013,43.544,1.0919
80.58,57.675,0.72919,36.985,33.111,1.5945,57.006,25.554,0.97628
49.368,49.771,1.1365,24.143,33.765,3.0929,21.471,25.7,3.4023
75.444,79.253,1.1235,72.472,60.503,1.0145,20.724,20.861,2.4179
102.48,44.664,0.32937,68.082,48.763,0.059398,45.221,31.598,0.76073
48.335,53.77,2.3847,43.062,26.439,1.1473,36.338,39.217,2.5702
48.493,54.794,2.3679,44.291,26.959,0.80776,36.356,28.712,1.9876
94.316,55.845,0.78478,72.062,34.644,0.20149,75.302,50.955,0.76403
44.666,66.016,1.8523,37.834,48.58,1.6974,31.905,54.129,2.4026
63.429,68.164,0.94395,58.543,60.943,0.99946,43.808,50.683,1.3322
51.902,45.54,1.6395,39.69,35.055,1.3536,50.466,41.959,1.0569
87.601,86.449,0.70453,50.809,36.092,0.87497,46.661,52.513,1.0483
68.927,74.345,0.51066,11.237,23.916,5.2503,20.207,29.756,3.7416
102.09,67.19,-0.39602,86.102,60.282,-0.17898,93.558,65.964,-0.20149
89.595,75.666,0.50503,42.498,36.643,1.0664,63.244,55.245,0.87667
79.708,56.109,1.3826,83.569,39.157,-0.90807,61.748,22.439,0.70311
59.691,62.014,0.61269,71.836,57.667,0.58674,54.433,53.553,0.93724
94.855,76.362,0.6202,65.074,41.929,1.1717,68.113,45.771,0.90101
141.45,50.253,-1.1953,66.946,49.225,0.43848,112.41,49.589,-0.14299
109.1,81.371,0.52819,76.752,49.004,0.11042,92.251,43.531,0.69033
163.84,65.408,-1.2209,36.307,46.385,1.8493,52.53,31.725,1.3878
57.556,83.761,1.1579,77.457,34.433,0.26505,60.796,38.903,0.91334
71.892,68.188,0.70331,71.355,38.336,0.76211,37.121,35.012,1.2281
57.499,81.376,1.177,49.663,28.256,0.75635,39.143,34.002,1.2026
103.41,56.033,1.0294,107.48,48.513,0.97404,66.22,55.582,1.7694
74.832,46.745,0.90553,86.856,44.195,0.27409,54.609,40.049,1.8222
84.716,41.022,0.48924,113.75,47.181,-0.24199,70.95,36.26,0.76789
111.3,44.007,0.060948,128.81,41.366,-0.68181,95.177,39.472,-0.11185
98.933,40.89,0.47008,109.84,37.379,-0.22206,63.643,36.865,1.7201
91.939,57.177,0.59401,111.41,52.719,0.029082,59.467,48.665,1.8851
75.209,41.242,0.64515,84.409,37.348,0.34015,50.012,32.423,1.7617
92.298,39.576,0.79105,107.71,37.143,-0.11767,68.438,32.706,1.8735
95.873,48.42,0.35812,107.85,47.495,-0.11892,74.311,44.846,1.0108
68.837,58.834,1.6556,65.303,51.377,1.7555,48.152,54.994,2.0065
102.97,55.431,1.071,102.39,53.597,0.87128,68.556,57.141,1.6627
122.87,44.062,0.039672,146.51,42.443,-0.86389,66.57,32.876,2.0773
84.981,52.555,1.0002,96.192,46.856,0.54976,68.765,49.278,1.3747
54.034,50.244,2.022,66.26,44.009,1.2432,42.938,43.699,2.3741
69.554,48.967,0.87316,77.764,47.862,0.45899,58.642,44.08,2.0358
43.725,42.653,1.7251,57.476,44.102,0.94339,42.854,41.604,2.5618
122.3,49.389,-0.43005,129.22,56.991,-0.73669,78.784,37.561,-0.10118
107.15,69.705,0.76474,110.37,64.429,0.69555,79.744,73.778,1.0669
60.933,40.363,1.5394,76.681,40.835,0.61566,38.554,33.402,3.0241
129.8,41.582,-0.40892,153.01,48.501,-1.3404,111.76,37.168,-0.94718
100.33,37.056,0.22454,135.53,40.469,-0.94377,107.83,34.458,-0.37952
76.042,52.887,1.032,82.013,50.371,0.73653,50.336,47.642,2.3942
64.1,47.796,2.0927,75.376,40.673,1.6464,45.516,43.289,2.5838
71.836,55.386,1.3981,73.464,46.251,1.3138,48.225,47.974,1.917
83.362,55.049,1.2411,80.124,48.525,1.076,59.171,48.782,1.8442
83.921,55.512,0.82956,95.725,49.56,0.28567,51.669,47.971,1.9289
120.38,46.388,-0.11258,143.12,50.943,-0.86152,65.802,24.22,0.34159
100.88,40.042,0.53806,125.54,36.904,-0.38428,70.943,21.996,0.5773
85.917,41.673,0.57612,130.89,42.466,-0.47091,93.584,39.711,0.058776
83.955,51.521,0.72219,93.578,48.372,0.34832,47.917,40.501,2.2142
63.354,52.919,1.586,68.4,47.537,1.1117,42.258,44.361,2.5054
108.17,54.958,-0.078371,130.52,47.531,-0.10375,70.235,24.727,0.52561
71.963,41.973,1.6764,95.413,38.894,0.47542,55.763,40.403,2.1459
54.224,46.149,1.9587,70.344,42.464,1.1522,34.441,40.284,3.0552
87.003,52.658,1.2043,100.03,47.167,0.43456,56.791,49.855,2.0977
55.595,48.59,1.6559,82.605,47.834,0.47498,40.232,43.285,2.6619
68.102,54.416,1.3651,74.949,50.142,0.8921,44.94,45.16,2.4089
62.773,43.175,1.1535,80.108,44.594,0.34644,51.093,35.032,2.385
126.52,34.309,-0.53929,163.18,42.965,-1.3883,87.882,23.629,-0.49463
85.027,51.148,1.2749,103.68,44.42,0.48495,58.445,47.949,2.1025
48.558,51.465,1.9589,71.494,47.105,0.73054,38.199,44.246,2.5023
120.1,36.275,0.42133,155.48,39.384,-1.0792,79.012,21.552,-0.10224
60.929,41.471,1.9507,72.782,37.324,1.0637,41.592,35.811,2.8938
97.689,41.324,0.70867,126.55,39.785,-0.72449,64.999,38.104,1.9336
157.08,35.987,-0.76486,158,48.465,-0.63169,88.916,25.785,-0.23985
85.09,45.736,0.98516,110.16,43.365,-0.13813,56.162,40.058,2.1346
119.17,32.383,-0.038859,139.86,38.395,-1.0165,75.337,22.286,-0.2212
98.431,53.451,0.93272,110.75,41.002,0.33769,68.004,50.348,1.4947
96.563,37.755,0.36156,118.46,33.706,-0.44813,69.026,21.862,0.4562
74.153,41.423,1.5529,93.518,37.864,0.58622,44.37,35.471,3.0817
86.584,37.897,1.0067,112.78,36.064,-0.37693,55.884,31.116,2.4181
78.696,42.143,1.5654,96.063,37.25,0.4632,57.12,39.184,2.1983
67.411,45.638,1.8745,90.736,38.429,0.65971,48.056,41.475,2.5409
109.25,42.579,0.23647,122.81,47.803,-0.48516,85.526,33.682,-0.1811
98.843,55.227,0.18684,108.27,56.421,0.3013,72.461,34.981,0.4749
118.69,43.265,-0.32028,143.26,50.528,-0.94726,105.86,41.988,-0.50352
106.94,39.476,0.13936,122.48,44.038,-0.64638,89.274,36.224,-0.333
98.971,30.704,0.23192,136.05,27.49,-0.57249,56.567,18.272,-0.1219
89.598,48.377,0.87232,111.59,46.275,-0.3739,62.031,43.762,1.7478
58.51,52.731,1.614,66.086,44.572,1.193,36.65,42.332,2.5835
92.769,36.634,0.98086,113.34,34.042,-0.55411,55.017,35.61,2.1511
105.16,40.938,0.19627,136.87,53.797,-0.59645,62.27,29.816,0.28514
81.805,41.139,0.71464,101.38,36.688,-0.70295,47.129,23.201,0.60374
49.28,40.152,1.8876,85.006,40.392,0.16403,35.439,32.584,3.12
132.13,44.655,-0.41393,156,59.781,-1.1928,71.776,30.286,-0.19551
83.77,45.518,0.40354,101.18,50.714,-0.19833,50.585,29.257,0.99857
65.974,41.402,1.6007,92.386,35.771,0.53088,32.557,33.393,3.4086
78.244,48.14,1.4162,89.692,41.464,0.68629,55.247,38.331,1.9963
92.855,39.28,1.0022,120.74,38.288,-0.61235,57.564,35.721,2.2214
44.219,44.581,1.8801,78.06,38.997,0.46423,38.691,34.948,2.5487
65.97,36.05,1.5347,80.555,34.522,0.41347,40.748,29.817,3.0324
33.976,49.866,2.6401,53.09,44.802,1.3301,25.323,42.706,3.0859
64.722,48.307,1.7494,91.406,39.491,0.6321,54.063,38.711,2.0551
72.95,40.761,1.2613,90.32,33.646,-0.19661,52.114,30.438,1.7614
100.42,33.344,0.006293,117.85,39.099,-1.0769,59.606,22.188,-0.17773
101.55,64.398,-0.087931,121.39,65.53,-0.10623,67.626,39.465,0.30243
107.8,42.474,0.029442,139.59,53.637,-0.78945,66.464,30.82,0.061899
95.229,45.216,0.34732,109.25,48.501,-0.040647,47.679,28.057,0.61741
93.677,45.447,0.37286,116.62,45.979,-0.29724,60.457,34.089,1.3217
49.983,49.579,1.8605,76.006,46.053,0.48168,29.473,42.432,2.7208
83.158,33.615,0.59531,124.17,37.501,-0.47281,60.686,26.638,0.092691
48.663,44.316,1.9294,65.674,41.348,0.93301,30.166,36.344,3.1665
90.229,54.653,0.21248,113.07,55.807,0.042653,60.789,33.255,0.51323
92.028,57.3,0.73841,113.21,52.48,0.14762,57.842,50.065,1.9421
44.171,50.826,2.1834,60.766,46.065,0.95441,29.303,40.442,2.919
49.33,35.231,0.8399,86,32.214,0.028474,68.057,34.364,-0.12084
46.701,46.137,1.8993,72.539,40.629,0.74261,39.842,36.49,2.7861
66.469,57.177,1.3741,75.223,47.416,1.1138,59.911,44.208,1.9393
108.4,51.143,0.43405,128.57,49.159,-0.27148,69.508,44.637,1.8161
89.52,38.208,0.99139,113.7,37.329,-0.60664,52.027,35.095,2.366
96.79,42.547,0.182,109.56,50.324,-0.16481,53.561,28.608,0.59278
64.918,38.927,1.2971,92.576,36.35,0.10657,41.809,30.991,2.8688
50.489,50.013,1.5503,65.175,43.552,0.52307,29.187,36.838,2.7535
119.51,48.384,0.0004068,141.49,49.017,-0.81065,71.456,38.269,1.6539
91.235,56.733,0.86255,108.78,51.637,0.07291,59.126,50.592,1.8318
65.244,40.346,1.4043,84.867,37.222,0.57081,38.177,32.227,3.0476
87.956,31.353,0.16401,116.56,41.652,-1.025,66.402,26.753,-0.30196
93.97,37.274,0.24202,110.94,38.302,-0.39186,61.018,25.648,0.5119
59.686,53.159,1.5375,64.017,47.485,1.2333,40.074,45.517,2.3388
67.077,45.944,1.6794,91.382,37.942,0.25521,39.291,40.705,2.7084
87.619,73.834,0.38088,111.8,63.521,-0.048496,132.54,63.91,-0.40695
88.023,68.821,0.64931,95.743,71.147,0.32476,123.08,79.969,-0.092332
97.908,60.616,0.25854,108.56,61.575,0.010802,104.99,61.018,0.13114
65.148,55.159,1.3884,92.383,52.444,0.70683,103.46,57.227,0.48011
56.036,54.242,1.255,75.313,48.051,1.4179,125.17,39.372,0.28861
77.591,55.824,0.8522,94.997,46.521,1.2161,125.84,56.818,-0.12406
101.07,54.103,0.6138,124.41,60.759,0.047293,138.82,73.351,-0.2402
76.906,53.722,0.89777,92.039,54.95,0.62853,113.72,62.082,-0.48545
53.936,57.928,1.4533,83.202,70.541,0.47512,104.17,79.212,0.2763
57.97,66.925,0.9992,101.96,50.6,0.89047,118.66,51.952,0.042026
41.195,53.875,1.4601,55.879,62.318,0.56878,50.517,54.064,0.46228
104.4,56.915,0.28688,127.3,58.412,-0.8521,140.19,61.829,-1.2109
81.488,41.113,0.74971,115.02,45.559,-0.82632,107.97,76.444,-0.014775
98.954,57.783,0.83214,97.256,48.883,1.2718,102.9,56.094,0.55549
112.5,67.79,0.36026,118.57,66.19,0.26452,131.76,58.108,-0.13112
98.609,60.55,0.6142,96.116,60.562,0.57404,96.63,66.817,0.43043
104.88,66.954,0.096844,103.89,65.899,0.11901,104.96,82.245,0.098544
56.992,60.466,1.2979,57.507,55.611,1.3756,70.555,57.658,0.81181
94.764,61.805,0.35326,128.22,72.964,-0.26803,135.6,82.216,-0.26898
60.907,57.826,1.2409,73.065,48.436,1.6237,114.63,50.002,0.11793
94.949,51.044,-0.12835,95.285,49.486,-0.19432,105.05,59.858,-0.28408
94.335,64.526,0.81346,96.304,62.486,0.89501,108.88,60.976,0.58553
116.75,60.321,0.20394,127.77,66.931,0.050563,144.03,66.386,-0.2491
103.87,36.377,0.031904,130.36,47.51,-0.4561,145.62,77.41,-0.46818
85.625,55.533,0.38178,108.97,63.101,0.075996,101.48,78.552,0.32347
64.568,62.218,1.1431,74.873,63.824,1.0262,87.166,72.54,0.72846
101.01,68.062,0.5965,108.12,65.389,0.59551,103.25,69.158,0.51498
120.88,71.347,-0.17611,117.04,71.625,-0.12965,122.99,74.734,-0.14635
104.83,55.785,0.26731,110.7,50.659,0.34313,119.29,45.994,-0.099107
84.461,54.947,0.19365,100.98,62.896,0.15866,106.22,78.08,0.078738
87.347,45.547,0.29969,96.095,39.989,0.068433,100.34,58.519,-0.0036702
115.15,76.042,-0.21169,111.59,72.725,-0.11672,122.54,72.615,-0.1627
73.62,58.849,0.72462,82.416,69.063,0.43901,104.36,78.777,0.22523
88.575,52.593,0.35499,105.05,53.791,-0.28581,134.66,63.628,-0.89558
67.149,59.142,0.84444,106.38,50.146,0.15768,141.05,54.025,-1.1009
122.78,65.046,-0.063669,129.25,62.219,0.18017,140.8,61.856,-0.39686
87.379,82.153,0.64155,97.857,70.773,0.6313,104.88,62.174,0.3727
141.13,42.694,-0.28714,148.67,46.788,-0.3303,164.5,43.844,-0.76814
120.62,73.832,-0.044982,129.37,66.813,-0.010833,139.97,54.302,-0.37019
164.13,56.149,-1.5585,164.17,52.742,-1.4253,178.53,38.135,-1.7723
101.89,57.738,-0.12935,115.86,68.765,-0.14587,133.47,73.337,-0.32884
125.91,79.682,-0.026741,138.45,76.818,-0.2035,147.59,72.71,-0.47983
67.378,50.265,0.67551,72.756,50.903,0.67794,94.282,64.209,0.63323
110.87,69.626,0.15924,113.15,76.153,0.036604,125.36,80.608,-0.06277
53.865,63.011,1.336,85.66,56.921,1.1889,108.81,51.393,0.54047
75.116,46.469,0.79193,78.654,47.432,0.62821,76.953,62.063,0.8046
80.414,37.643,0.24691,112.64,37.661,-1.088,149.25,48.39,-0.86865
141.47,68.702,-0.66162,151.15,61.926,-0.42113,154.29,56.094,-0.37437
58.887,50.776,1.9331,63.136,51.206,1.9177,114.92,54.67,0.17494
121.97,64.549,-0.2341,137.67,69.421,-0.41587,155.32,58.414,-0.74163
91.026,62.089,0.63179,106.75,56.919,0.52892,117.15,64.666,0.41755
91.239,64.47,0.66906,93.355,71.206,0.77554,93.334,73.564,0.86692
109.43,70.378,-0.029302,115.77,73.274,-0.09643,142.75,82.086,-0.42702
61.494,49.054,1.0419,73.244,49.413,0.52871,73.379,53.803,0.663
83.878,70.176,0.50506,96.972,61.016,0.47315,115.19,54.595,0.23801
114.11,65.863,-0.0053318,114.48,67.069,0.12874,121.74,67.312,0.044024
66.029,42.745,1.4422,67.67,49.578,0.70295,87.722,66.908,0.40974
88.89,69.397,0.25205,99.498,70.988,-0.027253,120.75,75.024,-0.20852
105.42,51.832,0.11648,127.66,56.052,-0.052505,139.73,54.859,-0.20638
99.629,55.885,0.3265,122.85,63.036,-0.036928,142.4,71.464,-0.27182
101.47,56.19,0.002018,108.08,56.192,-0.04848,110.57,67.875,0.024408
88.172,60.362,0.96116,95.485,55.263,0.28192,108.9,64.084,-0.20006
105.44,49.696,0.15419,115.28,52.186,0.044816,103.84,65.88,0.38415
78.857,45.922,0.9964,85.663,50.163,0.66389,96.951,62.544,0.28018
103.63,59.897,0.38089,115.49,59.35,-0.045745,111.56,71.156,0.058924
104.73,54.056,0.99064,110.94,53.431,1.0092,99.229,59.314,0.91758
142.08,61.597,-0.075402,144.57,64.3,-0.11167,145.34,71.824,-0.19915
140.38,52.537,0.12641,143.05,53.743,0.14927,133.68,57.218,0.080246
99.505,68.728,0.34956,99.285,67.056,0.27929,104.17,71.209,-0.04464
106.38,67.712,0.59587,103,71.681,0.60832,111.83,70.095,0.48431
76.683,45.687,0.68743,78.014,44.198,0.67344,110.87,47.505,0.43567
86.42,53.859,0.76903,107.02,47.221,0.20855,141.11,61.758,-0.49075
119.15,66.756,0.36487,117.47,59.24,0.67744,121.65,61.758,0.4498
99.328,60.987,0.20143,109.09,63.574,0.019635,123.37,70.722,-0.23554
113.99,54.697,-0.35578,129.8,55.098,-0.47846,102.55,64.079,0.70537
82.778,38.964,1.3087,103.25,38.872,0.40097,135.74,54.459,-0.062236
85.845,45.248,0.7825,100.44,48.321,-0.058826,130.34,54.063,-0.66245
122.42,60.622,0.014981,124.43,63.36,-0.028384,132.66,67.961,-0.27537
103.31,52.049,0.40135,132.4,45.539,-0.050264,162.86,45.691,-0.86332
129.94,71.434,0.064603,140.42,60.967,-0.05298,158.59,55.882,-0.68461
82.601,50.544,0.7049,103.1,54.841,0.14839,128.99,69.989,-0.33578
98.922,60.735,0.32963,109.94,54.029,0.2875,131.06,52.33,-0.20936
104.95,40.864,0.74397,108.5,37.371,0.39156,112.75,57.551,0.098086
93.225,48.644,0.27053,92.352,47.237,0.28767,85.949,47.704,0.76048
100.21,63.208,0.43771,108.47,69.363,0.33064,129.45,70.259,-0.030944
119.92,78.91,-0.051855,128.38,72.588,-0.093707,141.07,68.274,-0.54475
122.38,40.367,-0.55978,106.12,49.691,-0.1,119.79,74.735,0.030093
102.5,64.996,0.23179,96.864,64.309,0.38997,85.834,64.771,0.71597
115.91,35.211,-0.37488,83.16,29.376,0.14441,77.047,42.371,1.3822
98.342,47.795,0.36584,112.17,49.674,-0.11107,120.82,57.492,-0.13036
92.66,72.64,0.56546,97.674,70.766,0.53627,105.12,71.858,0.42256
90.246,48.029,0.25891,93.217,51.19,0.33324,103.17,68.401,0.18188
55.797,39.406,2.3476,58.998,38.511,2.2564,65.963,42.894,1.2797
71.148,58.77,0.93344,81.086,65.458,0.61518,91.853,66.812,0.48434
51.83,43.82,0.79681,88.754,46.893,0.2294,116.24,55.876,0.12553
98.832,48.887,0.14545,111.97,49.786,-0.2786,116.23,55.666,0.00090417
99.068,60.217,0.28215,92.281,60.781,0.21839,95.435,69.292,0.28543
122.89,41.122,0.12777,120.26,37.665,-0.12595,133.67,35.254,-1.273
81.405,52.301,1.2404,89.502,49.978,0.9094,92.194,61.252,0.78543
117.94,50.676,0.0038298,135.77,53.834,-0.19548,146.97,64.82,-0.38836
129.94,69.933,-0.16015,104.71,61.428,0.30456,80.864,59.557,0.60315
99.486,68.972,0.1266,108.03,61.507,-0.19543,90.535,68.875,0.51807
93.326,71.106,0.061013,78.663,66.961,0.4714,58.125,60.597,1.1453
113.89,80.886,-0.094934,105.17,78.778,0.077945,98.334,79.193,0.28324
93.001,80.969,0.72677,95.971,78.393,0.71725,91.303,78.682,0.67694
125.6,66.489,6.0127e-05,87.769,66.754,0.32204,64.307,61.083,1.0046
126.79,63.945,-0.31711,84.714,63.261,0.46639,56.615,49.814,1.2393
128.44,76.368,-0.17573,87.732,57.415,0.48719,58.415,46.199,1.8374
125.45,67.519,-0.1285,56.705,51.312,0.90522,43.827,28.993,2.26
134.77,66.162,-0.41526,103.97,63.065,-0.13849,81.029,66.846,0.79889
115.23,66.641,0.23162,116.53,61.541,0.12549,88.58,68.358,0.61071
111,78.287,0.12306,120.55,68.437,0.05488,103.92,75.497,0.34227
154.64,60.125,-1.0785,107.71,57.701,0.1763,91.168,64.771,0.3591
175.47,58.33,-1.4748,159.52,66.068,-1.1196,144.82,71.273,-0.96505
143.16,58.131,-0.26071,98.469,54.768,0.21432,67.624,50.582,0.78727
123.12,50.552,-0.34968,105.08,54.588,-0.064546,95.543,53.166,0.13937
101.98,72.384,0.67256,85.46,60.801,0.82863,71.414,45.388,0.92769
119.31,49.355,0.045822,85.732,50.314,0.36014,75.282,49.073,0.69013
78.888,71.971,0.56522,69.944,64.371,0.6815,55.991,62.198,1.0682
134.98,60.012,-0.39375,115.95,61.751,-0.11133,89.61,66.422,0.44685
141.01,64.758,-0.51943,113.88,63.176,0.089716,77.161,60.375,0.75051
107.3,66.682,0.099208,56.217,53.941,1.1369,57.042,49.607,1.3284
118.37,66.926,0.018812,92.382,63.655,0.29803,62.97,53.116,0.83187
104.96,67.805,0.13684,75.508,68.235,0.78539,66.081,63.375,1.0933
81.099,65.045,0.641,71.913,55.482,0.87791,52.661,55.972,1.2689
92.664,74.281,0.36096,58.596,61.236,1.1778,47.12,50.462,1.6093
136.46,65.706,-0.47073,129.1,63.531,-0.098173,102.67,71.836,0.28968
142.76,64.788,-0.53514,133.36,65.325,-0.28128,108.99,74.583,0.16185
73.106,77.401,0.70294,54.356,55.552,1.2375,34.767,42.361,1.7795
86.324,81.465,0.52463,75.199,69.522,0.78703,53.551,41.67,2.1098
115.27,71.576,0.21736,91.527,60.847,0.45341,58.874,47.589,1.2367
114.36,74.485,-0.11585,80.495,68.619,0.54944,54.398,62.02,1.3349
157.56,49.004,-0.77173,107.52,53.379,-0.14427,83.181,47.644,0.45746
135.75,59.409,-0.35945,110.37,64.291,-0.035896,76.209,64.364,0.66656
132.06,66.695,-0.38718,88.944,64.066,0.34061,58.02,52.37,1.3017
95.145,62.662,0.41065,59.872,47.991,0.9241,43.688,31.493,1.4406
129.97,64.898,-0.27852,102.76,61.716,0.22846,67.524,55.346,0.90532
134.58,70.276,-0.25202,79.49,67.98,0.50332,57.68,53.488,1.1017
158.41,52.31,-0.74322,117.37,57.499,0.036729,87.5,59.339,0.51377
125.83,65.573,-0.2075,91.051,62.543,0.2112,55.908,51.661,1.1635
108.12,68.399,0.025957,70.861,58.931,0.52424,54.564,48.536,1.1745
154.49,52.125,-0.66732,98.529,63.271,0.13072,77.555,53.637,0.92268
142.02,54.087,-0.49194,84.729,57.599,0.17048,62.457,41.764,0.8104
81.987,61.859,0.44944,40.549,45.881,1.204,35.534,33.827,1.5867
139.02,66.242,-0.43859,100.41,62.216,0.054485,80.436,64.115,0.40785
120.03,68.085,-0.024435,107.04,62.23,0.024532,92.89,63.274,0.35043
127.26,76.793,-0.23648,88.993,68.965,0.32932,68.056,61.89,0.70691
158.55,50.313,-0.82276,134.08,65.638,-0.57883,116.25,75.334,-0.087877
82.496,66.243,0.5468,51.127,47.528,1.4067,47.258,36.342,1.7385
85.314,73.917,0.49509,67.789,60.779,0.93009,47.092,50.115,1.6225
87.549,74.991,0.33895,54.133,51.992,0.91459,41.323,40.66,1.5583
84.399,74.185,0.49661,44.681,53.312,1.5894,37.402,40.564,2.1297
66.14,65.214,0.68564,36.279,39.104,1.3366,25.328,26.301,1.9135
76.707,75.548,0.76183,43.438,52.446,1.6553,30.261,35.359,2.1565
93.956,81.664,0.3807,61.552,61.133,0.93308,44.411,50.217,1.4299
112.68,82.857,-0.084275,81.017,71.299,0.42834,51.471,54.129,0.97081
97.529,75.246,0.2828,87.856,65.237,0.30011,62.088,52.698,1.0496
158.06,52.864,-0.70356,116.36,58.665,-0.16628,92.197,64.358,0.42722
97.447,73.715,0.19381,56.143,65.203,1.0365,45.845,59.995,1.3729
82.627,82.327,0.58789,59.175,63.579,0.95324,38.307,41.634,1.5978
121.97,65.734,-0.25126,96.97,66.853,0.25013,80.182,67.777,0.72491
174.23,68.818,-1.2882,155.05,70.106,-0.83541,139.22,78.189,-0.60948
138.47,65.472,-0.50035,105.71,66.966,0.057666,75.939,64.89,0.75811
84.304,74.657,0.49395,58.022,61.623,1.2215,34.911,50.088,2.1715
78.517,57.542,0.54166,44.692,45.312,1.3391,32.014,32.962,1.9097
88.733,71.863,0.39834,78.207,67.112,0.48363,65.836,62.365,0.89021
98.716,70.579,0.34681,87.162,54.884,0.49881,50.374,48.017,1.5719
145.71,66.172,-0.76327,102.35,61.797,-0.056139,65.125,51.732,1.2052
83.93,74.178,0.9647,110.72,46.91,0.37589,92.694,45.493,0.67519
89.975,89.184,0.41404,86.721,76.822,0.68537,64.075,76.754,1.0943
65.25,69.074,0.96842,49.241,56.4,1.405,32.881,45.909,2.1547
105.05,57.082,-0.00061602,60.032,44.703,0.75962,52.732,39.616,1.2631
168.66,41.955,-1.3102,145.71,59.67,-0.89572,134.9,63.945,-0.52425
151.68,55.485,-0.92696,64.861,72.669,0.87292,58.653,56.845,1.4102
131.03,65.073,-0.2891,110.01,57.166,0.22469,78.324,60.89,0.63428
111.05,65.897,0.11935,73.029,52.808,0.4214,62.685,43.888,0.65052
119.49,65.909,-0.16841,82.897,60.094,0.62144,66.35,61.087,1.0066
151.88,60.323,-0.56877,97.927,66.994,0.12804,77.601,55.848,0.76461
96.403,66.418,0.3124,63.544,53.31,0.99209,60.95,49.412,1.2507
93.372,69.622,0.15874,57.014,52.468,0.68996,46.675,40.031,0.90568
127.2,59.144,-0.40087,96.298,55.557,0.31529,60.002,48.72,0.90447
92.562,72.165,0.40574,73.061,59.015,0.72527,44.956,43.494,1.4486
75.307,72.822,0.90322,56.932,65.192,1.2788,52.119,47.789,1.5763
63.719,66.834,0.79848,40.746,50.777,1.6087,34.392,42.289,1.9193
150.87,57.353,-0.87494,101.68,52.314,-0.27932,71.171,44.286,0.7173
145.06,60.147,-0.58208,112.07,59.413,-0.19815,80.123,46.28,0.70331
172.36,56.119,-1.3148,145.03,68.479,-0.56451,115.32,78.493,0.099877
131.92,50.291,-0.58126,91.933,44.36,-0.27901,78.085,39.696,0.020596
119.85,63.317,-0.055783,85.052,59.25,0.32881,62.392,44.951,0.80044
139.35,64.744,-0.4226,100.73,58.979,0.22254,69.355,53.494,0.64116
110.65,61.666,-0.08399,83.205,57.165,0.33057,65.586,52.015,0.86552
145.85,70.038,-0.70099,134.36,64.03,-0.3685,103.03,66.945,0.22764
147.91,66.131,-0.64704,127.74,65.82,-0.21417,91.667,67.824,0.49369
143.16,75.219,-0.48757,133.82,74.789,-0.27874,115.12,83.214,-0.027571
117.47,70.351,0.049223,60.037,72.976,1.0983,46.544,47.189,1.7717
171.28,64.649,-0.8976,166.49,69.877,-0.86322,167.04,72.503,-0.89629
165.59,51.447,-1.1067,109.16,76.186,-0.12576,96.755,65.721,0.30705
177.14,54.55,-1.3411,166.37,66.189,-0.80527,148.39,71.307,-0.47974
82.922,68.572,0.56448,59.349,62.249,1.0128,55.924,57.217,1.2706
123.9,60.586,-0.37419,103.31,67.946,0.012723,102.24,58.484,0.13245
