2.2486,1.5337,1.3321,0.84183,0.5115,0.39865,0.25915,0.028018,3.3013
1.9214,1.5947,1.3997,1.1535,1.1321,0.55569,0.24591,0.015383,3.1187
1.736,1.4185,0.98126,0.64342,0.53507,0.28069,0.13597,0.19443,4.6346
2.0947,1.0855,1.0627,0.76137,0.89174,0.87622,0.45182,0.2607,3.6982
1.9837,1.1831,1.0115,0.75825,0.10193,0.18544,0.39444,0.4548,4.1405
1.8591,1.1368,0.73915,0.55753,0.48389,0.40151,0.17073,0.27906,4.1952
2.3591,1.6373,1.0417,0.60342,0.3124,0.17488,0.11108,0.073441,3.9147
2.0101,1.6905,1.3045,0.19639,0.40225,0.459,0.77599,0.7243,3.2762
2.3995,1.3554,0.82901,0.6961,0.059959,0.30641,0.16828,0.22899,3.9341
2.0277,1.7283,1.5309,1.2585,0.62502,0.51914,0.16132,0.05695,3.5406
1.6408,1.2961,1.1804,0.9037,0.79311,0.44126,0.59506,0.27739,3.7201
1.9213,1.1638,0.83843,0.71791,0.54396,0.492,0.25176,0.35028,3.9921
2.0429,1.6088,1.1247,0.78783,0.73771,0.39317,0.16005,0.091327,3.6805
2.01,1.51,0.83771,0.54255,0.40365,0.28094,0.14704,0.098954,4.3481
2.2219,1.5605,0.98007,0.80818,0.39521,0.49911,0.23717,0.071326,3.8165
1.8696,1.3423,1.2478,0.91874,0.74007,0.58253,0.43149,0.15555,4.0807
2.4796,2.0342,1.5786,0.86577,0.45131,0.18478,0.069679,0.028047,3.0472
2.5338,2.0549,1.0844,0.65187,0.47365,0.43915,0.11045,0.132,3.77
3.7096,1.3015,0.80226,0.61809,0.41673,0.25568,0.087019,0.11658,3.8261
2.0727,1.2035,0.91425,0.6786,0.078739,0.30358,0.3113,0.2492,4.3888
1.95,1.7013,1.334,1.0451,0.8929,0.67609,0.26929,0.030745,2.9051
1.6521,1.5178,1.2877,1.1013,0.98555,0.81167,0.70141,0.097217,2.848
1.6963,1.1676,0.96575,0.76312,0.63375,0.47147,0.24488,0.10496,4.3543
1.4913,1.2433,1.0368,0.97366,0.80515,0.6325,0.38433,0.51126,3.7425
3.3773,1.0826,0.89625,0.72827,0.59859,0.4131,0.47576,0.06336,3.7796
1.7145,1.1291,0.80732,0.63078,0.52268,0.21885,0.41137,0.33701,4.3747
1.6852,1.4436,1.2322,0.96456,0.87123,0.51094,0.23758,0.070063,3.9637
1.9433,1.5519,1.4667,1.0078,1.0406,0.49059,0.37922,0.13147,2.9773
1.6004,1.3161,0.9916,1.0499,0.61738,0.56834,0.44111,0.21499,3.9435
2.2333,1.6375,1.2122,0.96668,0.53381,0.30003,0.14392,0.054797,3.9966
2.4251,1.3367,0.84063,0.51993,0.406,0.15093,0.090717,0.040834,3.9717
1.5865,1.0026,0.74606,0.51536,0.3105,0.18263,0.066235,0.039806,4.7248
2.5304,1.742,1.1495,0.78067,0.46695,0.37271,0.17442,0.065783,3.7619
2.5118,1.4288,1.2971,0.57949,0.72299,0.39785,0.31445,0.043306,4.1446
1.8182,1.3444,0.86166,0.71536,0.5986,0.35759,0.42294,0.19121,4.1114
2.2645,1.761,1.2275,0.78107,0.53946,0.35472,0.17836,0.092931,4.1841
2.2201,1.8388,1.5833,1.1766,0.46808,0.38764,0.14074,0.093507,3.323
1.8952,1.548,1.2009,0.79252,0.55519,0.44607,0.1575,0.020661,3.9528
2.6879,1.957,1.4058,0.77756,0.34935,0.25657,0.19651,0.14565,3.6074
1.7719,2.3124,1.2891,0.79929,0.5859,0.38816,0.32303,0.13705,3.6935
2.3667,1.6965,0.98717,0.82818,0.56799,0.23589,0.34504,0.39199,4.0346
2.0268,1.3926,1.5313,0.89333,0.50594,0.21457,0.341,0.31951,4.0346
2.7359,1.7398,1.325,0.90786,0.43078,0.19765,0.077925,0.10372,3.3916
2.1971,1.5805,1.1878,0.33822,0.40823,0.53101,0.71574,0.67568,3.9549
3.431,1.5093,2.0185,0.85367,0.042599,0.086826,0.50429,0.32964,3.341
3.6123,1.7111,1.1086,0.63526,0.23367,0.16776,0.075835,0.046132,3.9236
3.9782,1.9605,0.99868,0.35654,0.29146,0.1245,0.057412,0.0035159,3.6647
1.5277,1.1391,0.97451,0.69919,0.6301,0.4402,0.24118,0.18145,4.3302
2.2635,1.7792,1.1724,0.72727,0.48814,0.18047,0.056578,0.038573,4.0811
2.3619,1.0272,0.94043,0.062737,0.72541,0.34733,0.49956,0.44032,4.6095
1.9603,1.5038,1.1743,0.95636,0.71444,0.49676,0.32739,0.12513,3.7196
1.9132,1.3518,0.81133,0.47612,0.28583,0.19489,0.099468,0.05227,4.6987
1.5649,1.3243,0.95507,0.63729,0.47256,0.37366,0.24069,0.022668,4.2386
1.6804,1.2408,0.94874,0.77392,0.58264,0.45843,0.48776,0.32733,3.8835
1.7172,1.2959,1.0401,0.12921,0.71918,0.59971,0.30319,0.43208,4.4121
2.35,1.6694,0.97644,0.75429,0.53729,0.32181,0.18077,0.059359,4.377
1.9971,1.3493,1.0174,0.60848,0.43969,0.2836,0.13682,0.15389,4.2488
3.0028,1.7158,1.0321,0.54989,0.41836,0.24891,0.1063,0.094926,4.0349
2.1558,1.3698,1.1649,0.86422,0.59063,0.38218,0.24523,0.029272,3.8953
2.0272,1.4701,1.0161,0.66933,0.5601,0.38611,0.21405,0.032926,4.1825
1.9448,1.3573,1.0269,0.7755,0.65695,0.35303,0.13952,0.02626,4.0332
1.7094,1.1459,0.86293,0.59218,0.46014,0.2528,0.11348,0.025399,4.4302
2.3343,1.9007,1.5059,0.86057,0.092628,0.19462,0.26352,0.59418,3.4792
1.6143,1.4691,0.91814,0.21169,0.32339,0.43312,0.60672,0.55745,4.8339
1.7447,1.2832,0.88624,0.71008,0.43982,0.2765,0.13807,0.16003,4.4934
4.7541,1.3765,1.066,0.53988,0.4052,0.066355,0.2386,0.15506,3.5865
2.8053,1.5934,1.1329,0.99997,0.79156,0.25822,0.12888,0.024198,3.6972
1.9299,1.6278,1.379,1.0123,0.65014,0.3146,0.10565,0.029,3.8054
1.9425,1.8364,1.0438,1.0015,0.54366,0.44263,0.032358,0.22621,4.0913
3.3875,2.2439,0.96924,0.40036,0.24782,0.17634,0.051912,0.081627,3.8659
2.5669,1.2503,0.86842,0.52307,0.2866,0.23758,0.14873,0.056416,3.9147
1.8931,0.54753,1.4202,0.95457,1.2056,1.127,0.3554,0.15906,3.5959
1.7462,1.4464,1.136,0.79302,0.61919,0.36828,0.22258,0.10788,3.9494
4.8465,1.1371,0.16555,0.19013,0.27313,0.3828,0.50477,0.54332,3.8684
2.365,2.0492,1.6827,1.0069,1.0002,0.32326,0.05045,0.094156,2.35
1.807,1.4154,1.1396,1.0019,0.82103,0.53232,0.35774,0.16712,3.5935
2.1131,1.5947,1.0125,0.71205,0.61219,0.41745,0.23311,0.0042065,4.199
1.6517,1.3187,0.9974,0.77992,0.73575,0.56941,0.4366,0.062834,4.1405
2.6849,1.9543,1.1842,0.65922,0.39366,0.19028,0.11962,0.035386,3.7364
5.1462,1.7406,0.30838,0.22545,0.064123,0.10003,0.15299,0.97758,3.6845
1.8166,1.2136,0.94237,0.82676,0.74616,0.43883,0.21028,0.16421,4.333
2.5462,1.8572,1.002,0.52871,0.38665,0.3062,0.18989,0.22274,3.7636
2.3713,1.504,0.84131,0.50296,0.32752,0.20319,0.14744,0.040426,4.3928
2.7537,1.9079,1.0799,0.67125,0.36709,0.10875,0.22568,0.16741,3.6344
2.5413,1.2975,0.88986,0.64873,0.5721,0.36054,0.20214,0.12592,4.1556
2.3974,1.9054,1.1006,0.49556,0.23338,0.16884,0.085852,0.049785,4.1152
1.6564,1.1134,0.97251,0.70846,0.63448,0.33733,0.41957,0.41575,4.1238
2.0891,1.4418,0.81504,0.43784,0.28974,0.189,0.091846,0.13303,4.6512
2.2528,1.4478,1.1963,0.73649,0.46298,0.1652,0.075202,0.019052,4.1667
2.2233,1.2211,0.66131,0.36614,0.19899,0.12119,0.037366,0.065694,4.6751
1.7861,1.3379,0.9371,0.63793,0.50933,0.33742,0.16791,0.18269,4.3474
1.8501,1.5143,1.0313,0.64589,0.57096,0.46552,0.14556,0.1858,4.2087
2.5659,1.6543,1.3217,0.60138,0.81235,0.48688,0.29874,0.05944,3.5514
1.6781,1.2678,0.97311,0.80528,0.598,0.44235,0.31421,0.20086,4.4021
1.8377,1.1675,0.73912,0.59699,0.47911,0.42983,0.3912,0.2042,4.2826
2.6692,1.975,1.238,0.76175,0.57408,0.51609,0.27563,0.23792,3.1877
1.8724,1.3433,1.2138,1.0336,0.74754,0.40135,0.46834,0.20865,3.9111
2.6612,1.5504,1.0881,1.0195,0.59468,0.31672,0.18972,0.078119,3.2484
2.6134,1.79,1.0804,0.57153,0.44087,0.23484,0.25746,0.023088,3.5691
2.0246,1.6254,1.192,0.69516,0.36747,0.21464,0.1247,0.051249,4.2762
1.7284,1.2629,0.95008,0.75005,0.58624,0.29597,0.1462,0.060678,4.773
2.5793,1.9396,1.3764,1.099,0.65768,0.18502,0.10069,0.047174,3.8811
2.8238,2.2675,1.6235,0.72821,0.37629,0.12244,0.17397,0.042849,3.3932
2.7427,1.9847,0.89212,1.1217,1.1918,0.34321,0.17924,0.039292,2.9318
2.5207,1.9413,1.5748,0.69933,0.16206,0.062548,0.50581,0.013529,3.8787
2.5376,1.7906,1.3967,1.0583,0.8165,0.41368,0.024708,0.041087,3.036
2.1618,1.8256,1.5475,1.343,0.61719,0.32005,0.12894,0.01609,4.0352
2.2387,1.567,1.3554,0.60762,0.29564,0.16656,0.22708,0.019437,4.5536
3.9807,2.0079,0.54811,0.35235,0.26455,0.029787,0.21724,0.14378,3.6281
2.74,1.2549,0.95069,0.79184,0.48516,0.27992,0.13373,0.025547,4.2638
3.0009,1.4743,0.90253,0.58608,0.53969,0.1892,0.068501,0.022826,4.1879
2.698,2.1149,0.70294,1.1828,0.91586,0.041578,0.18375,0.13957,2.9528
2.4585,1.806,1.5181,1.03,0.46716,0.47927,0.36485,0.025397,3.4305
2.4004,1.8309,1.6268,0.67749,0.28456,0.37107,0.11761,0.017606,3.7574
2.4652,1.2083,0.8227,0.58907,0.13358,0.39348,0.30854,0.29594,3.9399
1.6267,1.4558,1.2153,1.3224,0.79399,0.59046,0.63173,0.00069689,3.7501
2.8811,1.4603,1.2468,0.91327,0.28133,0.19036,0.076844,0.12927,4.2061
2.3321,2.0246,1.5658,0.73909,0.37064,0.27833,0.097318,0.031922,3.9567
2.1538,1.8286,1.4337,0.79568,0.69556,0.37659,0.098953,0.04063,3.8813
2.2895,2.1926,1.3031,0.76134,0.25383,0.313,0.49879,0.011711,3.8787
2.4488,1.9749,1.7722,1.1318,0.48065,0.27052,0.086609,0.047436,3.3231
3.8512,2.0442,0.85833,0.54846,0.40252,0.35392,0.13339,0.089618,4.0094
3.0758,2.1135,0.73314,0.70988,0.57559,0.59759,0.0082082,0.2319,3.3694
4.8997,1.3936,0.047718,0.69633,0.27369,0.46612,0.46156,0.0022349,3.3703
2.0513,1.9769,0.52595,0.90631,1.3798,1.2485,0.18002,0.019522,3.0349
3.1686,1.9081,1.1837,1.2167,0.057477,0.57099,0.49598,0.0023541,2.8107
3.7206,2.7523,1.9849,0.63907,0.0027131,0.00028327,0.0012854,0,1.6892
3.9999,3.1379,0.42757,0.3438,0.052019,0.14126,0.12187,9.8572e-05,3.2154
2.756,1.727,1.0095,0.69707,0.014761,0.4184,0.32521,0.28367,4.1743
3.7888,1.9523,0.64452,0.70721,0.38647,0.31752,0.12259,0.0023934,3.2653
3.69,0.084448,0.27943,0.59695,0.95396,1.8494,1.3191,0.016184,2.6815
3.4497,3.0672,0.18662,0.29969,0.49769,0.65883,0.86824,0.00977,2.4298
2.6434,1.6385,1.1399,0.10214,0.84487,0.0088545,0.43232,0.59621,3.1426
3.2258,1.9665,0.89645,0.60274,0.69886,0.35056,0.0018624,0.19335,2.9495
2.5332,1.5086,1.1724,0.8465,0.5133,0.31243,0.12294,0.0097014,3.4419
2.7272,2.285,1.0048,1.2536,0.45766,0.23823,0.16101,0.019155,3.342
3.0865,1.9688,1.1662,0.63398,0.94862,0.13272,0.26661,6.4531e-11,3.1722
4.2613,2.5788,0.55709,0.4132,0.3057,0.24783,0.088309,0.0053343,3.2711
3.6384,1.7592,1.9897,1.0548,0.14974,0.092992,0.097148,0.023582,2.7695
3.3172,1.9403,0.6409,0.38012,0.13427,0.2509,0.26187,0.0093524,3.8091
1.5965,1.3674,1.2267,0.98716,0.66535,0.3915,0.35927,0.021642,4.4111
2.8723,2.4733,1.3702,0.57903,0.38022,0.22559,0.18553,0.0055718,3.4377
2.7697,2.143,0.81047,1.1353,0.42449,0.21575,0.26566,0.0011752,3.1896
2.6854,2.1632,2.3629,0.78113,0.94701,0.13408,0.062855,0.019467,2.4432
2.4723,1.5539,0.96126,0.77085,0.47667,0.21059,0.31704,0.0061796,3.7236
3.1709,2.0368,0.11734,0.91847,0.70386,0.75021,0.74546,0,2.8732
2.0572,1.9286,1.6899,1.4687,0.91818,0.028335,0.01741,0.0070061,2.8442
2.2914,1.6157,1.1676,0.4526,0.70193,0.27757,0.053802,0.0018557,3.6567
2.3619,2.0335,0.26329,1.2687,0.87924,0.77481,0.45466,0,2.7246
3.5325,3.0072,1.3892,0.31776,0.11479,0.15891,0.048411,0.018999,3.3184
3.4722,1.6949,0.93222,0.733,0.4534,0.5381,0.14717,0.012485,3.5361
3.9437,1.6569,1.1764,0.55574,0.55958,0.092961,0.0017913,0.00010018,2.8792
4.2933,3.3412,0.63334,0.21746,0.075059,0.022246,0.034952,9.8671e-05,2.9257
1.6882,1.1618,0.73044,0.64545,0.47015,0.22467,0.096827,9.7635e-05,4.327
2.0107,1.8512,1.59,1.1291,0.60721,0.2034,0.30105,0.015417,3.6633
4.4919,1.7897,0.88656,0.60109,0.30618,0.093308,0.1281,0.022327,3.0864
3.4685,2.5351,1.5085,0.62695,0.13505,0.11711,0.042462,0.011909,3.4289
2.8733,2.3371,1.6258,0.76598,0.43666,0.26849,0.046231,0.022261,3.3051
4.35,1.2789,1.1455,0.51015,0.40386,0.11055,0.031046,0,3.2871
3.1116,2.6163,1.1606,0.63976,0.44387,0.10189,0.088045,0.021498,3.2559
1.7821,1.1932,1.1135,0.42979,0.91884,0.66356,0.77551,0.0074755,3.8046
7.3367,0.85563,0.35495,0.20551,0.061913,0.029583,0.025003,7.4018e-05,3.1411
2.3385,1.9003,1.4291,1.2097,0.74223,0.6479,0.23705,0.0059288,3.138
4.0624,2.1053,1.0244,0.38963,0.54204,0.037596,0.0087834,0.60748,2.7659
3.1929,1.9001,0.90512,0.46065,0.62989,0.074031,0.025493,0.0075089,3.4418
2.9949,2.8156,1.8249,0.27691,0.24605,0.11009,0.043956,0.0075386,3.5401
2.6961,1.7313,1.1413,0.82343,0.53806,0.53045,0.25053,0.0067353,3.8117
2.2615,1.7795,1.3486,0.84495,1.0439,0.13496,0.059431,0.0024984,3.2801
3.7118,1.1724,1.5039,0.57216,0.35134,0.24241,0.029049,0.00019872,2.722
4.1215,1.017,0.83609,0.23079,0.45994,0.38682,0.42082,0.0037938,3.7055
2.0472,1.5426,1.1645,0.88253,0.42039,0.57333,0.25904,0.001096,3.4628
2.505,2.1592,1.2337,0.73463,0.38165,0.04257,0.0087579,0.01899,3.5179
3.5244,1.4549,1.4903,0.35987,0.3792,0.30848,0.087148,0.0006953,3.1632
3.8541,2.1357,0.067451,0.85301,0.79682,0.38625,-6.3595e-07,0.61121,2.8996
2.9548,1.9637,0.86227,0.55304,0.36575,0.20846,0.084057,0.01457,4.0211
2.167,1.3236,1.0739,0.75057,0.54542,0.47891,0.2783,0.00029728,3.7334
3.8793,1.2716,0.92621,0.17733,0.48694,0.58233,0.27376,0.0012964,3.4105
3.6849,1.8824,0.96044,0.50927,0.3677,0.2991,0.057059,0.0047632,3.6297
3.0881,1.3721,0.74608,0.82428,0.57644,0.42371,0.26888,0.0096354,3.879
2.3474,0.87722,1.1044,1.789,1.6694,0.20129,0.036368,0.00048051,2.8188
3.4735,2.3985,1.7027,0.3194,0.14028,0.24675,0.040271,0.0027409,3.3305
4.141,1.3552,1.016,0.57228,0.29866,0.21185,0.1666,0.0051389,3.5197
3.342,1.2753,1.0842,0.76763,0.58819,0.35763,0.053274,0,3.2181
3.5427,2.3678,1.6892,0.33678,0.14485,0.1656,0.03236,9.2987e-05,3.1243
3.1345,2.4829,1.445,0.32797,0.263,0.12274,0.086924,0.0036541,4.0079
2.8637,1.5543,1.6827,0.29951,0.10488,0.81854,0.74913,0.0065756,3.4459
3.9433,2.4684,1.7597,0.44196,0.18727,0.013573,0.0026341,0.00068401,2.5001
2.256,1.8837,1.4086,1.545,0.65491,0.78691,0.010349,0.00036985,2.6407
2.1208,1.6158,0.99478,1.2895,1.1712,0.74894,0.14427,9.9933e-05,2.9891
3.6744,1.5968,1.0182,0.73883,0.6841,0.45449,0.083616,-1.1426e-07,3.0091
1.7976,1.5034,1.315,0.60795,0.99104,0.78467,0.34823,0.016875,3.4167
4.6123,2.1481,0.45217,0.2917,0.22502,0.090439,0.0013233,0.060665,3.8553
4.8751,2.3173,0.3805,0.27678,0.15598,0.18996,0.17705,0.0023517,3.6146
1.7587,1.2841,0.97878,0.30309,0.46404,0.79998,0.62604,0.0041581,4.3282
3.2029,2.0636,1.2541,0.62638,0.70969,0.061203,0.40277,0.0067734,3.7422
4.0497,2.2269,0.70759,0.40038,0.28056,0.12603,0.080085,-4.8544e-07,3.3225
2.0938,1.0554,0.96571,0.87978,0.48867,0.37983,0.1317,0.0028333,4.5693
2.4883,2.1415,1.4683,0.96502,0.59079,0.32623,0.0088435,0.0001,3.0685
2.808,1.9711,1.9277,0.77457,0.067287,0.25986,0.23039,0.00019957,3.5181
0.39543,1.0221,1.55,1.6883,2.1309,2.4159,0.022744,0,1.8516
2.7931,1.5228,1.5871,0.58508,0.41985,0.17629,0.0039794,-1.1849e-08,3.7258
2.9767,1.6285,1.3095,0.94143,0.37694,0.15998,0.1411,5.2759e-09,3.9727
3.0621,1.6161,0.87391,0.59398,0.37837,0.18,0.13386,0.010302,4.5737
2.074,1.7757,0.98613,0.61039,0.53206,0.33007,0.22791,0.017158,4.6085
2.4417,1.2374,1.0278,0.65673,0.43407,0.22364,0.14823,0.011062,4.4406
2.7337,1.7518,0.87645,0.66676,0.40062,0.43863,0.15849,0.0059552,4.5546
2.0721,1.4155,1.0002,0.79927,0.63932,0.40986,0.21165,0,4.1161
2.0558,1.5804,0.91098,0.84461,0.69082,0.54659,0.36255,0.16195,4.5397
2.839,1.2253,1.1363,0.61862,0.40509,0.24462,0.10891,0.17601,4.3107
2.0115,1.1685,0.93998,0.77777,0.68274,0.413,0.11294,0.26631,4.4524
1.7339,1.617,1.0178,0.79786,0.46378,0.30864,0.22238,0.036944,4.6643
1.8648,1.5132,1.3084,0.66164,0.46551,0.30474,0.083496,0.16529,4.5498
1.8132,1.4081,0.81315,0.54058,0.47576,0.30477,0.15414,0.082333,4.7188
3.9173,1.6905,1.621,0.60045,0.13513,0.07693,0.052418,-8.8471e-07,3.9924
3.0015,2.1752,1.1484,0.83525,0.31014,0.098271,0.056477,0.025823,4.4845
2.1934,1.7011,1.5938,1.4002,0.45754,0.32525,0.028959,0.14521,4.193
2.1319,1.7102,1.8265,0.51245,0.33722,0.20899,0.12739,0.13172,4.3116
2.2541,1.3126,1.1526,0.67634,0.57472,0.35259,0.19184,0.064383,4.4194
1.8348,1.6495,1.2471,0.86262,0.5112,0.29111,0.34864,0.0010789,4.098
2.434,1.2282,1.6256,0.70708,0.40441,0.2133,0.17333,0.013632,4.4455
3.0587,1.9,1.2894,1.0722,0.53549,0.18981,0.23286,0.017108,3.7858
1.7235,0.98751,0.71731,0.4409,0.30822,0.18284,0.091997,0.0093669,4.7629
2.1892,1.367,1.1925,0.73389,0.55125,0.40119,0.18027,0.032217,4.1636
3.3004,1.1527,1.0714,0.74986,0.080341,0.15646,0.4076,0.55394,4.2128
2.2747,1.6468,1.5759,1.1363,1.2514,0.41112,0.027941,0.16033,3.8435
2.2688,1.4006,1.007,1.0568,0.52933,0.40354,0.14025,0.04372,4.1543
1.5429,1.3621,1.1235,0.99365,0.64636,0.37066,0.51845,0.093451,4.6381
2.4295,2.1982,1.0913,0.91553,0.48807,0.21197,0.1138,0.0080877,4.1776
3.2382,1.5124,0.93635,0.54829,0.38648,0.25225,0.039166,0.1506,4.6403
2.6126,1.7003,1.1527,0.524,0.4725,0.21637,0.13194,0.055184,4.5534
1.8291,1.7247,0.97774,0.65251,0.5814,0.25209,0.2989,0.059779,4.4777
1.9167,1.1545,0.9435,0.7543,0.60402,0.48426,0.085988,0.0073055,4.7074
2.1992,1.2796,1.4261,0.93613,0.53674,0.015347,0.17812,0.30795,4.3295
2.1892,1.7575,1.1572,0.81629,0.60429,0.41039,0.21008,0.023187,3.6253
4.028,3.2263,2.3462,0.0054189,0,0,0,0,1.343
2.3884,2.1338,1.0542,0.69831,0.52394,0.35819,0.46259,0.00079377,3.9372
2.1816,1.6931,1.2068,1.0728,0.62054,0.17129,0.12954,0.035182,3.5036
1.5971,1.1731,0.8646,0.7182,0.56837,0.48995,0.26671,0.04681,4.8298
2.2061,1.2413,0.90438,0.80434,0.52503,0.35625,0.16697,0.037491,4.5916
2.5749,1.6596,1.7107,0.71368,0.35428,0.33493,0.011191,0.1709,4.1545
1.9192,1.3333,0.90611,0.76336,0.61742,0.41877,0.32287,0.082168,4.6085
2.2791,1.5916,1.1969,0.80765,0.26446,0.58985,0.079952,0.0036445,4.2237
3.167,2.6742,0.67758,0.39533,0.23778,0.28528,0.10397,0.0099353,4.3778
2.8525,1.1379,0.93245,0.51352,0.30665,0.3182,0.16824,0.034848,4.7242
3.3708,1.4624,0.80543,0.59381,0.49219,0.38641,0.23969,0.0082462,4.3735
5.3305,1.5554,0.20783,0.065911,0.032738,0.027476,0.015084,0.004751,2.8838
1.8875,1.2748,0.34997,1.0209,0.89726,0.5815,0.66831,0.026223,4.0679
2.149,1.2327,0.91598,0.61483,0.42838,0.3279,0.10023,0.2054,4.6057
3.2214,1.5099,0.74658,0.68637,0.44666,0.33701,0.14973,0.02774,4.6082
2.1764,1.3316,0.9935,0.57522,0.36239,0.20738,0.081887,0.010213,4.1327
3.3405,1.4624,0.82457,0.46824,0.34364,0.16901,0.080694,0.026568,4.4229
2.8126,1.1612,0.92856,0.4923,0.37078,0.26798,0.15965,0.010301,4.6245
2.6997,1.4644,1.0819,0.58071,0.64935,0.31779,0.11653,0.058979,4.6574
2.0858,1.7279,1.4022,0.76362,0.5407,0.15732,0.18186,0.019525,4.6091
1.9606,1.1918,1.1796,0.85256,0.61545,0.7685,0.18944,0.10595,3.7395
2.0289,1.2379,0.90918,0.63755,0.51424,0.47432,0.13675,0.063148,4.2108
0.11682,0.38299,0.30673,0.69007,1.0006,1.8161,1.6147,1.323,3.756
2.1472,1.5322,1.1737,0.78692,0.39106,0.5195,0.12494,0.10217,4.1324
3.4179,1.3421,1.0451,0.91572,0.61129,0.35493,0.36564,0.03314,3.8308
1.7291,1.4119,1.0535,0.87089,0.54749,0.6292,0.33075,0.066509,3.9854
2.1909,1.4806,0.97292,0.51228,0.21974,0.13242,0.083002,0.04771,4.3031
2.153,1.7716,0.88574,0.019375,0.50706,0.45511,0.30147,0.25953,4.6085
2.2023,1.6893,0.96115,0.58434,0.37504,0.10088,0.22594,0.1872,4.8221
3.1182,2.1096,1.3944,0.65682,0.40072,0.1715,0.06637,0.020555,4.2852
2.427,1.8979,1.7021,1.241,0.50176,0.27927,0.10728,0.024077,3.5833
2.1442,1.4028,1.4827,0.384,0.76848,0.76149,0.15903,0.066376,4.1707
1.6581,1.1728,0.90585,0.73085,0.51651,0.28989,0.38488,0.012262,4.4963
1.8564,1.1643,0.9027,0.4251,0.62638,0.55093,0.18066,0.032624,4.2294
2.8831,2.1239,0.90536,0.6425,0.44119,0.20186,0.080669,0.026101,3.7349
2.6155,1.3078,0.7768,0.52961,0.32117,0.21659,0.15121,0.049115,4.6513
2.529,2.2578,0.89471,0.17385,0.68597,0.57226,0.45361,0.0029186,4.0151
3.0112,2.0209,1.061,0.66474,0.40316,0.31514,0.25254,0.0082403,4.0045
3.4597,1.2796,0.8522,0.56445,0.5196,0.0028357,0.25593,0.33334,4.4911
5.0052,0.92858,0.40145,0.19964,0.12585,0.08791,0.054598,0.017539,4.2198
5.9682,0.65016,0.37923,0.27622,0.17061,0.0078571,0.025304,0.14187,4.6005
2.8287,1.2719,1.4951,0.70411,0.22813,0.37768,0.33386,0.0024373,4.1834
4.7823,1.1361,0.72353,0.44062,0.23974,0.16613,0.057554,0.088144,4.2247
2.1247,1.1355,0.96081,0.6967,0.45269,0.37778,0.093814,0.10648,4.1596
2.6006,2.2782,1.3311,0.68581,0.39644,0.22203,0.010746,0.069847,4.3156
2.0547,1.7675,1.5282,0.97748,0.58378,0.45065,0.088066,0.0015225,3.8691
2.5081,1.9247,1.1001,0.6539,0.39314,0.24623,0.050805,0.00091435,4.2323
2.8708,2.1088,0.77894,0.44491,0.5232,0.18044,0.090808,0.00056275,3.8261
2.1073,0.98255,0.76165,0.48938,0.41003,0.1939,0.13836,0.037437,3.9727
1.9198,2.29,1.0407,0.80974,0.51158,0.40793,0.099129,0.0023952,3.9526
2.0874,1.534,0.80967,0.69482,0.19908,0.48951,0.44288,0.0048105,4.229
2.7493,1.6603,0.76554,0.56869,0.39502,0.18794,0.16796,0.0021733,4.2629
3.6341,1.5403,0.67702,0.42436,0.30464,0.15334,0.24522,0.0034902,4.17
1.7952,1.6624,0.98581,0.68408,0.57543,0.019652,0.27496,0.26014,4.3914
3.3173,1.1054,0.86124,0.5715,0.28987,0.16654,0.11156,0.0052496,4.3677
2.6223,1.7157,0.88599,0.75011,0.37881,0.47475,0.11082,0.010178,4.054
2.5018,2.1881,0.89681,0.69447,0.55814,0.15172,0.19495,0.038482,3.7588
2.2204,1.3638,1.0342,0.69291,0.37344,0.47902,0.12057,0.0044545,3.9788
2.9739,1.0811,0.98024,0.7223,0.61619,0.40066,0.23576,0.29016,4.1707
3.1664,2.5053,0.72889,0.46188,0.32597,0.27974,0.15711,0.043856,3.9089
2.6579,2.2181,0.95041,0.65697,0.41205,0.24816,0.21641,0.026805,3.7958
4.0285,1.8484,1.0587,0.82498,0.15459,0.087605,0.052573,0.032459,3.1298
1.8081,1.4947,1.2509,0.53216,1.0155,0.8254,0.24268,0.015016,3.3653
3.5847,1.2239,1.0376,0.29567,0.44485,0.79822,0.74152,0.051139,3.6861
3.6824,1.2665,0.6214,0.62341,0.39091,0.24244,0.13993,0.007406,4.3066
2.5196,1.9301,0.15389,0.31474,0.55177,0.9541,0.84412,0.0013864,4.2906
2.6943,1.9889,1.1801,0.83723,0.30972,0.227,0.1331,0.10045,4.3698
3.0578,2.2406,0.77858,0.9173,0.89456,0.3351,0.0095614,0.038139,3.542
2.3683,1.7042,0.96202,0.55209,0.53685,0.30239,0.071619,0.17281,4.816
2.9669,2.266,1.2757,0.53935,0.38975,0.18041,0.1858,9.917e-05,3.9848
2.5964,2.4868,1.0614,0.03183,0.19168,0.69994,0.51993,0.48531,3.9295
2.0321,1.7098,0.96082,0.82527,0.61159,0.69503,0.092973,0.21429,4.4561
2.563,0.12702,0.30136,0.49805,0.7798,1.0331,0.92931,1.1063,4.1971
1.9435,1.297,0.91053,0.68006,0.091367,0.44588,0.22452,0.37317,4.6759
2.1463,1.424,0.11282,0.85558,0.72135,0.6754,0.38491,0.42711,4.6908
1.8948,0.15504,0.47144,0.73711,1.33,1.2024,1.1365,1.0016,4.0479
2.2547,1.9748,0.97529,0.48853,0.41474,0.34498,0.25427,0.10502,4.818
1.7302,1.4998,1.3986,1.0728,0.71081,0.69833,0.40635,0.095765,4.0046
2.003,1.7345,1.1043,0.010896,0.74786,0.48412,0.58622,0.53336,4.1238
1.6944,0.14067,1.3631,1.2355,1.1985,0.43873,0.76992,0.72815,4.1611
2.836,1.7091,1.1133,0.60119,0.47604,0.34077,0.16351,0.18072,4.342
2.4307,1.6012,1.2489,0.060906,0.12791,0.62838,0.6144,0.33647,4.1991
2.0358,1.9653,1.574,0.038775,0.19253,0.78528,0.50291,0.62077,4.2728
2.6998,1.923,1.1441,0.68827,0.17232,0.097872,0.060795,0.019853,4.1873
2.1193,1.9085,1.0223,0.55745,0.53313,0.34365,0.24821,0.018636,4.1099
2.1982,1.517,1.1187,1.0907,0.13116,0.16826,0.47054,0.59826,4.0328
2.4411,1.5682,1.1573,0.78315,0.4747,0.30676,0.20303,0.11502,4.6381
2.2202,1.6598,0.841,0.71793,0.50592,0.20909,0.1242,0.044341,4.7909
3.5676,1.4483,0.85733,0.51128,0.077996,0.13294,0.32874,0.27742,4.5695
2.1476,1.6326,1.976,0.96661,0.36179,0.30746,0.15319,0.14803,4.122
2.4642,1.5119,0.012016,0.98289,0.72617,0.75514,0.50028,0.50906,4.3184
1.9412,1.2061,1.1104,0.084331,0.73064,0.6527,0.40161,0.43127,4.736
2.2451,1.5377,1.296,0.72719,0.61229,0.49357,0.087538,0.32297,4.3525
3.2073,1.7369,0.71821,0.59675,0.046767,0.25241,0.39434,0.32668,4.4242
1.914,1.8417,1.1492,0.76083,0.58315,0.48551,0.086125,0.0087955,3.9762
2.8182,1.366,1.2256,0.67172,0.38279,0.10317,0.047182,0.041949,4.4742
2.1745,1.6751,1.2223,0.19794,0.2285,0.77817,0.64293,0.67042,3.9875
1.8348,1.3332,1.2154,0.97748,0.86969,0.56946,0.06267,0.165,3.9956
2.4706,1.3156,0.10282,0.97337,0.46603,0.60985,0.73683,0.79614,4.2431
1.6765,1.4962,1.1297,0.8784,0.6521,0.49134,0.17088,0.36315,4.3952
1.8842,1.727,1.1847,0.96457,0.64942,0.51232,0.33049,0.24183,4.2792
2.2565,1.9847,1.0849,0.92213,0.6077,0.34519,0.3875,0.11686,4.2865
1.7316,1.2193,1.1098,0.81752,0.73727,0.50251,0.27354,0.052469,4.2631
1.6114,1.4984,1.3033,1.1779,0.40286,0.7592,0.60565,0.068138,4.0876
2.6653,1.0919,0.99336,0.86296,0.69296,0.5805,0.29235,0.059124,4.1392
3.0844,2.063,0.83919,0.62317,0.49676,0.35273,0.14188,0.12446,4.2753
2.4655,1.3505,0.0093149,0.39114,0.56879,0.59102,0.91292,0.84871,4.4281
2.7633,1.6428,1.0845,0.056866,0.74937,0.68391,0.39703,0.49567,4.0514
2.0612,1.5944,1.4704,0.66872,0.60257,0.40391,0.11931,0.14849,4.6085
1.8663,1.3125,0.89916,0.73052,0.67151,0.38295,0.016719,0.32381,4.5782
2.9814,2.3346,1.1051,0.68751,0.42182,0.10931,0.052802,0.00018823,3.7202
3.0719,1.3411,1.1141,0.034358,0.33085,0.75727,0.55416,0.52052,4.311
2.0138,1.5873,1.2104,1.1661,0.17391,0.25052,0.459,0.699,4.0038
2.3223,2.0647,0.88234,0.85283,0.67869,0.49937,0.13575,0.2304,3.9528
2.1816,1.2914,0.79876,0.69752,0.60184,0.46757,0.0267,0.33799,4.308
2.6779,1.5266,1.0268,0.60997,0.42027,0.37641,0.22139,0.010778,4.2311
2.0411,1.7051,1.0481,0.9651,0.69319,0.031898,0.27931,0.29179,4.2185
3.4358,1.2018,0.75366,0.53362,0.36291,0.29202,0.18274,0.18847,4.5119
1.8814,1.7404,1.2886,0.84323,0.4388,0.19585,0.24662,0.0089547,4.3747
2.178,1.1072,0.75802,0.92501,0.87379,0.46849,0.26437,0.078143,4.4123
1.8404,1.6835,1.3767,1.1902,0.77406,0.47653,0.22185,0.032695,4.0857
1.8263,1.4466,0.9646,0.60745,0.4108,0.35951,0.0012574,0.16461,4.1908
3.3294,1.2112,0.95538,0.7588,0.59313,0.42979,0.27357,0.012553,4.0731
2.9624,1.6224,1.0325,0.66084,0.69614,0.48406,0.22102,0.027856,3.9911
3.3902,1.2881,1.0292,0.7477,0.48787,0.2107,0.076757,0.12514,4.1273
2.4596,1.3761,0.84063,0.95956,0.93388,0.31774,0.066793,0.20948,4.2731
2.4655,1.4157,0.79393,0.67338,0.6194,0.30261,0.16212,0.0061087,3.738
1.9327,1.7671,0.41976,0.86916,0.84084,0.64784,0.64784,0.09978,4.5588
2.9239,1.0956,0.79113,0.72816,0.68885,0.38061,0.42769,0.4802,4.4338
2.2526,1.4546,1.3152,1.022,0.64384,0.15334,0.46551,0.35809,4.1509
2.0067,2.0382,1.2008,0.06671,0.96615,0.41462,0.6349,0.56068,3.9201
2.3219,0.92253,0.80727,0.56926,0.35301,0.33879,0.22876,0.14267,4.5485
3.1765,1.9911,0.78836,0.47101,0.36141,0.20169,0.06562,0.053198,4.3054
1.8724,1.3387,0.9954,0.82725,0.80143,0.64093,0.27218,0.26124,4.566
2.5659,1.4614,1.0263,0.97397,0.7897,0.41895,0.39345,0.099223,3.9414
2.4587,1.204,0.83783,0.63975,0.40484,0.21968,0.10372,0.07585,4.4338
2.8968,1.6484,0.99883,0.6338,0.75507,0.35342,0.17484,0.061757,4.2323
3.0563,1.9247,0.95258,0.058991,0.23452,0.47965,0.42316,0.64306,4.3531
2.3885,1.8559,0.93218,1.1378,0.53678,0.28788,0.13601,0.16093,4.245
2.4119,1.7248,1.5559,0.93453,0.82103,0.079382,0.20486,0.18656,4.0787
2.0391,1.4578,1.0738,1.1274,0.76791,0.16084,0.49531,0.42628,4.0031
2.1153,1.8491,1.4852,0.8362,0.44727,0.42509,0.30005,0.018976,4.223
2.3844,1.6414,1.3339,1.1583,0.45167,0.33504,0.10631,0.0081396,3.722
2.3962,1.2598,0.97158,1.0663,0.78653,0.59074,0.20427,0.017787,4.0582
2.5887,1.3656,1.5307,1.1237,0.71807,0.29582,0.07393,0.10633,4.3256
2.2901,1.7012,1.0672,0.71974,0.37346,0.3381,0.22455,0.1931,4.592
1.8967,1.5058,1.6645,1.0796,1.1832,0.31987,0.25536,0.014979,3.7106
1.6318,1.2635,1.1213,0.99875,0.84263,0.3887,0.041741,0.62795,4.3999
2.016,1.7659,1.4142,0.4636,0.096084,0.30467,0.82926,0.77915,4.066
1.6188,1.5914,1.2047,0.94666,0.52217,0.41575,0.25446,0.0094546,4.2089
2.4788,1.6931,1.1626,0.19384,0.16193,0.63382,0.53406,0.56633,4.2478
2.5527,1.8181,1.6468,0.94812,0.77817,0.58679,0.048858,0.0072883,3.257
2.055,2.3011,1.1241,0.76501,0.5548,0.30403,0.27557,0.14491,4.5212
2.8193,1.5038,0.074773,0.70938,0.63229,0.5409,0.36208,0.4331,4.3492
2.0664,1.7973,1.3913,0.98021,0.51404,0.014893,0.17447,0.28871,4.3374
1.7209,1.2397,1.2089,1.0395,0.97401,0.79605,0.47012,0.043509,4.1094
3.0266,1.3167,0.84518,0.8868,0.46923,0.20985,0.10426,0.1281,4.2622
1.8657,1.1486,1.0033,0.4534,0.62018,0.8411,0.77366,0.28551,4.2285
2.3215,1.7096,1.239,0.93011,0.19556,0.51891,0.34162,0.40205,4.1628
2.4752,1.2206,0.8474,0.69943,0.56284,0.39729,0.19474,0.031484,4.5654
1.7022,1.4398,0.9583,0.83487,0.044649,0.4595,0.52302,0.53731,4.5463
1.7999,1.3785,0.028339,0.97293,0.91497,0.50056,0.62541,0.70718,3.9517
2.3048,1.419,1.1876,0.6801,0.44014,0.38051,0.048365,0.18416,4.5428
2.4562,1.321,0.92505,0.68081,0.50448,0.059621,0.17775,0.35989,4.4169
2.717,1.4018,1.1796,1.1328,0.7067,0.023246,0.22208,0.2001,3.9858
1.6167,1.1848,0.080297,1.0108,0.79374,0.61855,0.53117,0.44866,4.8263
6.374,1.7741,0.26738,0.13224,0.068415,0.046423,0.030546,0.015768,3.7639
6.5344,1.0072,0.42293,0.29546,0.15282,0.096938,0.048581,0.061939,3.8682
5.3273,1.8982,0.34154,0.0094147,0.17489,0.049867,0.086246,0.76712,3.5597
6.4163,1.8681,0.25217,0.1275,0.091357,0.065289,0.027281,0.03179,3.5774
6.5806,1.1054,0.4,0.22671,0.12104,0.066564,0.050084,0.0068145,3.5892
5.3257,2.2751,0.36143,0.20129,0.11468,0.063469,0.029273,0.038324,3.8676
5.9655,1.8932,0.35517,0.15278,0.073149,0.037549,0.026591,0.013978,3.709
6.8228,1.5113,0.19968,0.098992,0.051069,0.016271,0.0308,0.024091,3.7204
4.3314,1.3935,0.8142,0.066134,0.12312,0.22754,0.38514,0.42976,4.0157
7.0394,0.8046,0.38284,0.16084,0.090129,0.010545,0.03209,0.050753,3.8661
5.3945,1.827,0.64628,0.28961,0.23032,0.11075,0.044955,0.014323,3.8725
5.0667,2.5847,0.37659,0.17945,0.13805,0.077062,0.022101,0.034584,3.8888
5.1481,2.2015,0.46925,0.19656,0.1193,0.075536,0.022549,0.02671,3.8432
7.1472,1.2679,0.20734,0.1125,0.049006,0.026306,0.023159,0.0092196,3.388
5.6105,1.9212,0.46799,0.15717,0.1076,0.066206,0.030289,0.017577,3.723
4.619,3.1182,0.30056,0.1526,0.085578,0.057388,0.024373,0.02971,3.6638
6.8338,1.4287,0.19432,0.12611,0.063892,0.035505,0.0070027,0.010575,3.7238
6.5612,1.2342,0.33463,0.14975,0.11906,0.051469,0.026865,0.031821,3.9185
5.9214,1.8449,0.43263,0.2192,0.12136,0.088024,0.039429,0.028815,3.5815
6.7364,0.98739,0.38321,0.15493,0.10373,0.05723,0.026753,0.021834,3.9873
7.7819,0.57431,0.26086,0.12583,0.077128,0.0025872,0.046296,0.019679,3.5925
6.0444,2.3256,0.2661,0.11271,0.067997,0.040704,0.020696,0.0163,3.4582
4.7918,1.5412,0.81031,0.3762,0.20376,0.07277,0.09976,0.019174,3.8841
5.7327,2.8715,0.17054,0.071533,0.045875,0.030065,0.010233,0.016049,3.4243
3.8713,2.9115,0.4744,0.025529,0.05006,0.09637,0.20752,0.23989,3.9845
8.2406,0.26733,0.16432,0.11421,0.033986,0.040861,0.073543,0.058996,3.3476
4.895,1.6489,0.71167,0.34769,0.15974,0.098669,0.059413,0.012819,3.9995
8.0825,0.2556,0.17579,0.097453,0.046247,0.010128,0.026287,0.022269,3.7936
5.8365,0.99974,0.51229,0.038606,0.050327,0.10946,0.23918,0.18173,4.1589
7.6694,0.44276,0.23081,0.19201,0.0032436,0.082356,0.070665,0.022804,3.5442
6.2824,0.85481,0.51147,0.28729,0.14778,0.0073862,0.080767,0.034386,3.7181
6.7454,1.8688,0.21127,0.089035,0.050386,0.024738,0.0065536,0.012121,3.4607
6.1489,1.0693,0.48066,0.3791,0.17293,0.0834,0.018386,0.039,3.7512
6.2427,1.1035,0.2676,0.1515,0.022009,0.047592,0.079997,0.62179,3.8336
6.2311,2.1786,0.22354,0.076344,0.044691,0.0048475,0.02689,0.013729,3.4965
6.9669,1.2127,0.27856,0.12825,0.054021,0.0013674,0.025112,0.015051,3.67
5.9957,1.5704,0.50106,0.22048,0.13792,0.087877,0.033863,0.026991,3.8945
5.7536,2.2368,0.32932,0.20442,0.0095212,0.057197,0.1148,0.089146,3.3276
6.1564,1.7605,0.36475,0.15885,0.093166,0.054094,0.034638,0.024065,3.7526
6.9488,1.6276,0.17548,0.099303,0.046687,0.02318,0.0064797,0.01025,3.4861
5.8986,1.2038,0.58719,0.27026,0.12748,0.073436,0.044376,0.023245,3.877
5.8758,2.0135,0.36586,0.1696,0.10992,0.07941,0.034435,0.040491,3.8129
6.77,1.0649,0.36982,0.19521,0.11173,0.05287,0.026979,0.011246,3.8005
5.4863,1.9528,0.45246,0.18562,0.13711,0.08828,0.055059,0.036549,3.9941
5.6612,1.9557,0.33386,0.31222,0.13288,0.057039,0.026475,0.016267,3.9217
5.1738,1.9726,0.59273,0.23042,0.10707,0.050525,0.019051,0.0070885,3.9111
6.4827,1.572,0.32568,0.14725,0.077904,0.037738,0.017324,0.020465,3.7581
5.8768,1.5181,0.55108,0.24904,0.11964,0.06093,0.0090942,0.019165,3.7289
6.5578,1.3191,0.36096,0.17339,0.087001,0.047147,0.015679,0.0271,3.9194
5.6045,1.3318,0.69602,0.3626,0.17973,0.073086,0.05233,0.0078988,3.8609
5.7495,2.3964,0.29925,0.1705,0.098257,0.066866,0.036537,0.030242,3.5324
5.6483,2.4781,0.27303,0.14637,0.091695,0.057585,0.029835,0.0095945,3.84
5.7655,1.4987,0.50163,0.40506,0.18395,0.10362,0.05483,0.029455,3.7831
7.0708,1.2524,0.24553,0.14669,0.071066,0.029538,0.010214,0.0048474,3.6924
6.8618,1.2987,0.31335,0.14519,0.12302,0.048322,0.029373,0.012862,3.8012
4.7899,1.5736,0.74368,0.36115,0.24232,0.17526,0.095446,0.042709,4.0601
7.6142,0.57519,0.24841,0.11831,0.054765,0.038125,0.012148,0.017664,3.759
5.6065,1.964,0.47175,0.24119,0.13575,0.079975,0.047736,0.039756,3.6614
5.2451,1.492,0.71195,0.38365,0.17621,0.088173,0.034017,0.055755,4.1652
5.3592,1.7167,0.74824,0.29973,0.14347,0.086944,0.03775,0.0076506,3.9186
7.3292,0.89384,0.27383,0.11429,0.065074,0.037107,0.025078,0.01728,3.7655
5.3631,1.4419,0.83448,0.38488,0.2367,0.14613,0.037545,0.080349,3.8431
5.2375,1.8849,0.92498,0.31381,0.17834,0.10778,0.02681,0.05452,3.6767
6.6091,1.8885,0.19374,0.15187,0.094954,0.047192,0.0074356,0.022803,3.5705
6.8294,1.1095,0.31293,0.17275,0.12714,0.079455,0.014329,0.039438,3.7932
6.8197,0.91971,0.30208,0.20359,0.016358,0.052125,0.12271,0.095887,3.8905
5.5924,2.4614,0.259,0.12332,0.061743,0.03795,0.024081,0.019138,3.8394
6.9146,1.3069,0.31929,0.14181,0.094268,0.064585,0.016542,0.04037,3.6905
6.1075,1.8214,0.38487,0.19679,0.094967,0.044382,0.032786,0.0084922,3.7185
7.6347,1.061,0.14667,0.070217,0.035162,0.011658,0.0051007,0.0030439,3.6742
6.1004,1.2959,0.49245,0.22452,0.12107,0.073246,0.040454,0.012176,4.029
5.441,2.3881,0.42041,0.19308,0.13037,0.028057,0.076598,0.056353,3.7992
6.736,1.5642,0.28924,0.12257,0.072059,0.041309,0.028405,0.016635,3.5284
7.0168,0.5001,0.36448,0.31514,0.18371,0.11182,0.062298,0.024012,3.943
6.8292,1.7686,0.21464,0.096239,0.044286,0.00045098,0.0054254,0.022363,3.525
5.3973,1.7979,0.60959,0.32777,0.18477,0.10151,0.06228,0.03377,3.9002
5.8265,2.2301,0.32729,0.15838,0.12139,0.080259,0.03648,0.051287,3.7048
6.0192,1.9915,0.3978,9.8188e-05,0.20406,0.018029,0.072158,0.1405,3.2571
4.3166,2.9028,0.50466,0.28993,0.15503,0.03562,0.055693,0.080395,3.7497
6.27,1.8366,0.31186,0.16212,0.084382,0.016415,0.038989,0.029146,3.7397
6.7648,1.2176,0.36004,0.18605,0.10173,0.057504,0.043008,0.01015,3.607
7.0331,1.1696,0.26747,0.13694,0.065534,0.029344,0.0095857,0.016912,3.5585
5.3701,1.1028,0.83739,0.42291,0.18215,0.11277,0.047123,0.063297,4.0154
5.6811,2.2472,0.35865,0.16882,0.11015,0.070319,0.027367,0.036968,3.846
6.3752,1.5276,0.45208,0.19956,0.090903,0.035191,0.043699,0.0021508,3.4536
4.9031,1.6185,0.71862,0.49844,0.18117,0.082475,0.038742,0.014915,3.9741
4.8881,2.5176,0.47249,0.19211,0.065166,0.035772,0.013332,0.0042131,3.9036
5.3581,2.5058,0.35385,0.18289,0.10319,0.056234,0.029325,0.024189,3.8162
6.2112,1.5222,0.37351,0.20931,0.11884,0.060834,0.036392,0.030583,3.8553
6.1514,1.9747,0.36956,0.1723,0.095232,0.047934,0.020396,0.0037286,3.4047
6.1136,1.4721,0.37162,0.019099,0.045141,0.090214,0.15618,0.21748,3.8624
6.6847,1.3454,0.34953,0.19839,0.11085,0.07138,0.052948,0.013472,3.3811
5.4886,2.2452,0.3776,0.24243,0.14794,0.091345,0.057043,0.012748,3.5155
5.2522,3.2531,0.19243,0.10464,0.06693,0.019861,0.037796,0.032029,3.4309
6.6683,1.6342,0.23664,0.12819,0.080873,0.052492,0.023537,0.027366,3.5151
5.9078,2.1947,0.35873,0.18128,0.095752,0.073612,0.040313,0.0075595,3.4568
5.655,2.7168,0.25291,0.11576,0.059286,0.035811,0.018614,0.0036983,3.5814
5.8561,1.9769,0.32547,0.22627,0.15191,0.023705,0.053064,0.077795,3.6354
6.5707,1.5927,0.31196,0.14593,0.086375,0.038708,0.05029,0.0079164,3.429
6.3772,1.1886,0.43081,0.2008,0.1095,0.061439,0.033864,0.018489,3.8228
1.9091,1.6584,0.2929,1.025,0.88727,0.81595,0.50923,0.0014503,3.7569
1.7641,1.2033,0.80863,0.68832,0.11073,0.51329,0.27324,0.36229,4.0964
1.9342,0.18751,1.1644,1.0421,0.51181,0.77163,0.68888,0.00058172,3.9832
1.6307,1.4915,1.1747,0.74602,0.58002,0.4201,0.3846,-5.0697e-10,3.3911
2.6434,1.3367,0.8479,0.96832,0.39812,0.51426,0.11979,0.0035544,3.9025
2.8376,1.8483,1.2163,0.83374,0.47506,0.38026,0.01131,0.13524,3.0083
2.0136,1.6825,1.5107,0.90625,0.77156,0.36103,0.10773,0.026589,3.5835
2.5305,1.9962,1.1323,0.46707,0.51742,0.58398,0.15358,0.0031935,3.5505
1.922,0.049324,0.25346,0.53181,0.47635,1.4739,0.94062,1.1352,3.8652
3.1351,1.0524,1.2389,0.56155,0.41209,0.28688,0.1771,0.01384,3.4423
2.6506,1.5151,1.0786,0.73724,0.15567,0.32586,0.35125,0.019641,3.7227
2.9535,1.5209,1.0086,0.47994,0.105,0.012934,0.33681,0.72366,3.0061
1.9672,1.0832,0.68542,0.48061,0.33738,0.2836,0.18768,0.092113,4.3036
2.9033,1.2688,1.1637,0.73413,0.25936,0.14945,0.13505,-8.7169e-05,3.8531
2.8209,1.912,1.0404,0.6108,0.31166,0.14288,0.060485,0.0060662,3.4586
2.5963,1.4308,0.9361,0.45942,0.3857,0.16696,0.25578,0.21496,3.8729
1.8241,1.3427,1.0751,0.79959,0.76518,0.51365,0.30691,0.13486,4.2747
3.0938,1.0216,0.95481,0.71461,0.56855,0.40315,0.24414,0.023354,4.3897
1.7846,1.3719,0.32453,0.89812,0.5073,0.73904,0.63633,0.018745,3.9698
2.0043,1.1036,0.973,0.69326,0.61636,0.55315,0.010874,0.2953,4.3927
1.6107,1.5353,1.0536,0.94981,0.77918,0.65767,0.3268,0.021697,3.6698
2.7897,1.6615,1.2119,0.71871,0.55993,0.25633,0.15663,0.010043,3.8655
2.2208,1.4863,0.90023,0.6059,0.3212,0.34896,0.49593,1.0386,3.6616
3.0226,2.4102,1.3452,0.33483,0.21561,0.19038,0.095199,0.0013831,3.6128
1.7484,1.6424,1.1356,1.0008,0.5732,0.32736,0.45852,0.0032844,3.8382
2.2702,1.4902,0.83508,0.62755,0.70501,0.28517,0.16203,0.02373,4.0536
1.7438,1.19,0.97124,0.685,0.55256,0.30171,0.18162,0.0029423,4.4123
1.8081,1.6258,0.22904,1.1028,0.70861,0.80928,0.89187,0.015958,3.8756
1.8932,1.2816,1.0951,0.84721,0.64191,0.61278,0.49421,0.024508,3.6445
3.1465,1.416,0.16822,0.11703,0.70458,0.99191,0.87346,0.014173,3.4213
2.2867,2.0784,1.5981,0.67301,0.56243,0.42821,0.36428,0.081999,3.5253
2.6476,1.4882,0.89371,0.08352,0.18147,0.36792,0.41874,0.029296,3.8792
2.6618,2.2062,1.6625,0.72206,0.19151,0.098852,0.0025108,-1.5861e-05,2.9493
2.4973,1.6569,0.12589,0.31109,0.76507,1.2502,9.9508e-05,0,3.1174
1.9517,1.4088,0.91171,0.88708,0.7368,0.39187,0.28349,0.0024318,3.697
2.5747,1.3194,1.1047,0.35003,0.53362,0.52625,0.46015,0.31401,3.0271
3.6345,2.198,1.2319,0.42042,0.13728,0.082477,0.030451,0.0006302,3.1599
2.5363,1.5504,0.90472,0.57517,0.41847,0.27558,0.12482,0.028989,3.9886
2.3362,1.4253,1.0879,0.6376,0.5434,0.24801,0.12654,0.032904,4.2049
3.5704,1.0818,0.88849,0.62982,0.40951,0.30213,0.15242,0.0048596,3.9217
3.8662,1.0759,0.53556,0.41463,0.43712,0.15669,0.0016846,0.051307,4.333
2.9199,1.8049,0.81098,0.43179,0.53398,0.5915,0.024329,0.0040649,3.2815
2.1411,1.3607,0.90308,0.73381,0.236,0.59106,0.4235,0.013836,4.1098
1.6901,1.3273,0.3796,0.94181,0.80802,0.65015,0.69053,0.034748,4.0805
2.5406,1.6288,0.14779,0.39833,0.79629,0.99079,1.1415,0.0079577,3.3975
2.2647,1.5057,1.1813,0.72215,0.3381,0.17267,0.032052,0.0058199,4.1558
1.6795,1.3523,0.50012,0.65006,1.0065,0.77326,0.88284,0.04734,4.1699
3.0329,1.6778,1.3576,0.53217,0.19482,0.089593,0.0019856,-5.9305e-09,2.9865
2.3045,2.076,1.7408,0.78757,0.49221,0.33852,0.2942,0.28436,3.53
2.2545,1.1411,0.92217,0.71544,0.55608,0.44547,0.3845,0.16743,4.2008
2.5049,1.5576,1.1197,0.7573,0.72845,0.46134,0.47722,0.098975,3.5105
2.0427,1.4194,0.90753,0.8393,0.58936,0.45248,0.34694,0.088424,4.1314
3.2972,1.1454,0.50624,0.4617,0.34905,0.11233,0.0564,0.0030404,4.3448
3.6156,0.089092,0.33653,0.42039,0.67908,0.93538,2.3392,0,3.08
2.4815,1.4542,1.0666,0.33115,0.82304,0.13942,0.66281,0.54342,3.53
1.9692,1.4659,1.266,0.74713,0.79758,0.54351,0.45247,0.0020132,3.4751
4.0128,1.0984,0.66878,0.38778,0.33243,0.098497,0.003581,0.065701,4.4637
1.9847,1.1565,1.0207,0.84157,0.38022,0.63589,0.54218,0.0047664,3.693
2.4976,1.5341,0.89365,0.49829,0.25568,0.18347,0.054503,0.061429,4.0897
2.3964,1.6165,1.0091,1.0423,0.48941,0.26951,0.00071966,0.24741,3.2849
2.2031,1.1301,0.91242,0.76395,0.61706,0.51788,0.17506,0.0079718,4.141
2.4741,2.1504,1.754,0.89775,0.44582,0.30529,0.21874,0.19757,3.4939
2.7067,1.9732,0.94102,0.43575,0.62756,0.56801,0.095041,0.13827,3.4731
2.1652,0.90912,0.50592,0.39549,0.29296,0.18426,0.03347,0.00043172,4.1462
2.7763,1.616,1.1832,0.66203,0.54581,0.33436,0.14178,0.0045362,3.8097
4.46,1.6543,0.085056,0.15312,0.72951,0.47798,0.55736,-9.1352e-07,3.3584
1.5558,1.3647,1.1885,0.99679,0.84672,0.60987,0.61631,-5.7033e-06,3.4124
1.6096,1.445,1.2114,0.67875,0.58202,0.45958,0.4215,-2.1837e-07,3.3883
2.3886,1.7727,1.3476,0.73647,0.28039,0.45173,0.44655,0.082179,3.0398
1.7097,1.3326,1.0989,0.88808,0.75262,0.66007,0.1991,0.00096786,3.7721
5.5067,1.0855,0.72305,0.47121,0.30889,0.011491,0.0001947,0,2.5488
1.9409,1.4249,0.91713,0.85549,0.4037,0.46424,0.15802,0.021191,4.37
1.9958,1.4914,0.87219,0.72423,0.41493,0.23978,0.33748,0.0079544,4.0084
2.288,1.5885,1.0509,0.53729,0.4087,0.15822,0.003702,0.072329,4.4504
2.0443,1.3395,1.0064,0.88739,0.53703,0.73009,0.70514,0.054923,3.8014
2.6502,1.4847,0.61219,0.56387,0.52037,0.1393,0.14322,0.17865,3.8522
2.4562,1.7558,0.98491,0.3658,0.55459,0.61558,0.16651,0.0010883,3.2085
2.3557,1.38,0.94459,0.31693,0.54271,0.56329,0.066381,0.012448,4.2096
2.3475,1.5059,0.96961,0.77433,0.61508,0.32382,0.20658,-6.5624e-09,3.964
3.1839,1.9529,0.86552,0.8849,0.66792,0.4246,0.090318,0.06831,3.2459
2.214,1.1663,1.0016,0.18597,0.28186,0.55445,0.45562,0.39555,3.9921
2.0298,1.3657,0.79368,0.62903,0.44252,0.31268,0.21579,0.023102,4.4682
2.3411,0.13617,0.34851,1.4894,1.2816,1.147,0.68776,0.49906,3.6055
2.0033,1.1376,0.88878,0.79433,0.4646,0.22242,0.23071,0.049805,4.3202
4.0371,1.1487,1.0431,0.76011,0.31321,0.35539,0.12371,0.13703,3.7221
3.376,1.4159,1.2656,0.78158,0.18068,0.32917,0.41683,0.58287,3.6806
4.2617,0.15478,0.34083,0.3932,0.88747,0.78169,0.60552,0.67502,3.7625
2.169,1.4947,1.1052,0.64494,0.55674,0.25399,0.29907,0.047922,3.7178
2.4424,1.5805,0.99322,0.64079,0.40529,0.092234,0.18504,0.15391,3.8271
3.2065,1.4444,1.2183,0.59332,0.18779,0.26392,0.30611,0.31655,3.923
3.2635,1.4844,1.1684,0.82792,0.3312,0.52391,0.52,0.059564,3.6295
2.3334,1.2724,1.5289,0.85868,0.92178,0.66796,0.48257,0.38909,3.3986
3.7353,1.4106,0.11565,0.20976,0.56823,0.63415,0.79273,0.29282,3.8768
3.1406,1.9594,1.0747,0.69726,0.13058,0.26291,0.33622,0.32877,3.6786
2.78,1.2505,1.0995,0.56156,0.4027,0.18215,0.086686,0.055779,4.0115
3.5033,1.2698,1.0624,0.15709,0.26224,0.30306,0.53864,0.473,3.9643
3.4377,1.2508,1.1197,0.20001,0.37005,0.45232,0.63426,0.70616,3.6873
2.1702,1.4271,0.29287,0.98557,0.7996,0.68236,0.52688,0.489,3.8499
3.2342,1.2959,1.4247,0.22266,0.4133,0.58787,0.78816,0.038905,3.4264
4.5209,1.2946,0.67438,0.5861,0.19006,0.23407,0.3033,0.35414,3.6685
4.7456,1.5613,0.86972,1.18,0.52527,0.12267,0.00059915,0,2.5958
3.5295,2.2916,1.6633,0.61874,0.30428,0.081993,-5.177e-06,0,2.3369
4.7848,1.7132,1.7213,0.41239,0.10047,0.021178,0.00087389,0,2.5954
4.3631,2.3016,1.6067,0.62523,0.010943,0.00019909,0,0,1.9613
6.0649,1.3364,0.77335,0.52972,0.057988,0.20321,0.19393,9.1638e-11,2.9111
3.4222,2.1312,1.3887,0.7335,0.486,0.43572,-6.4969e-08,0,2.6143
4.0915,2.0288,0.87452,0.83045,0.57425,0.35966,0.0049211,0,2.8007
2.6347,1.8366,1.3337,1.1108,0.93976,0.4714,0.29956,0,2.4298
4.2085,2.0823,1.137,0.82184,0.23218,0.00019296,0,0,1.9848
3.7988,2.3377,1.5505,0.11159,0.79865,0.51156,0,0,2.5154
4.8632,1.2252,0.97309,1.0395,0.5374,0.14234,0.007181,0.00018913,2.5298
5.8036,1.1034,0.8942,0.67581,0.31798,0.26039,0.01694,0,2.7989
5.2491,0.847,0.7477,0.6423,0.47466,0.37235,0.2207,0,2.789
5.4143,1.7122,0.78946,0.3537,0.61084,0.0016774,0,0,2.423
4.7041,1.5072,0.98282,0.88119,0.40836,0.15686,0,0,2.5776
5.1212,1.466,0.98869,0.20707,0.4056,0.67741,0.00029828,0,2.4918
4.9425,3.9118,0.3313,0.042845,0.0027457,-0.00016555,0,0,1.5064
5.4117,1.5033,0.16647,0.48833,0.65144,0.85628,0.0022903,0,2.825
5.0221,2.6534,1.5197,0.017891,-5.5891e-07,0,0,0,0.97627
3.0336,2.0683,1.9729,1.3004,0.22422,0.00149,0,0,1.7487
5.1392,1.8496,1.0956,0.35484,0.14016,0.013363,-9.845e-05,0,2.3555
4.8908,2.0445,0.88312,0.59084,0.35899,0.060187,-2.7259e-08,0,2.3674
5.398,1.1507,0.93448,0.74706,0.40757,0.11887,0.0029644,0,2.9047
3.3289,2.8662,1.1595,0.85847,0.28688,0.47142,0.039797,0,2.8363
3.2557,2.0882,2.4694,0.73118,0.072088,-5.52e-07,0,0,1.9275
5.8816,1.4613,1.0709,0.42295,0.19806,0.044336,0.0011963,0,2.7974
4.0981,2.4158,1.603,0.63472,0.015168,0.00045039,-6.3837e-05,0,1.9587
5.5278,2.204,0.85212,0.33358,0.10304,0.073114,0.051407,0,2.858
4.0961,1.8906,0.27143,0.83036,1.0544,0.95911,0.00049955,0,2.6404
4.0497,1.8609,1.4449,1.0596,0.21488,0.0037138,0.00044106,0,2.2104
3.5336,2.2353,1.5991,1.1362,0.23486,0.00046715,0,0,2.0494
5.0662,1.4447,0.9278,0.75425,0.46828,0.31275,0,0,2.3844
3.6125,2.8339,0.67545,0.17947,0.31005,0.51131,0.42837,9.9627e-05,3.0284
4.2494,2.2534,1.652,0.53184,0.16598,0.20925,0,0,2.1001
4.743,1.891,1.5037,0.60188,0.12019,0.0096724,0,0,1.7723
4.1106,1.6913,1.5175,0.9947,0.22025,0.10522,0.0099385,0,2.5033
3.9512,1.4567,1.3445,1.0181,0.61489,0.3711,9.7043e-05,0,2.1995
4.3231,3.195,1.1977,0.13809,0.006815,0,0,0,1.7578
4.7011,1.4604,0.36534,0.48438,0.83765,0.79035,0.031557,0,2.9748
2.9098,3.1279,2.2169,0.60377,0.0079744,0.14758,0,0,1.9418
5.4678,1.5006,0.54774,0.73904,0.27865,0.1072,0.0043123,0,2.6506
4.2741,2.0226,0.7217,1.0195,0.58046,0.29245,0.0060511,0,2.802
4.6591,1.6784,0.75999,0.81798,0.40662,0.24966,0.13766,0,3.1055
5.0805,1.9791,1.622,0.28179,0.0032463,0.00070856,0.00011872,0,1.3312
5.4638,2.0558,0.89062,0.24288,0.17211,0.15538,0.045013,0,2.9091
5.0569,1.8744,0.98042,0.47219,0.27027,0.031054,0.0031138,0,2.5228
4.3845,1.9826,1.2393,0.64319,0.42561,0.016258,0,0,2.0356
4.9497,2.0057,1.2176,0.47224,0.30836,0.094728,0.01533,9.8714e-05,2.6987
4.9837,1.8209,0.91177,0.81743,0.2736,0.027546,0.0039669,0,2.3722
6.2727,1.021,0.62557,0.48041,0.19521,0.23091,0.0039311,0,2.9819
4.5428,3.683,0.79611,0.11063,0.091542,0.04056,0.00029946,0,2.0161
4.626,1.8035,0.76682,0.60621,0.50179,0.38763,0.12721,0.00049992,2.8072
4.216,2.3195,1.0001,0.69457,0.37205,0.14043,0.0024512,-2.4933e-09,2.7557
5.5758,1.2384,0.91118,0.59923,0.40148,0.12742,-1.1513e-06,0,2.6462
2.5161,1.1621,2.0573,1.7232,0.43339,0.21492,0.024016,0,2.4631
5.7319,1.809,0.53163,0.33383,0.23346,0.13849,0.0020782,0,2.6723
6.6,0.85628,0.073317,0.18192,0.41687,0.35045,0.54621,0,2.9707
4.8282,4.0614,0.23803,0.018188,0.0025269,0.00035197,-8.6335e-06,0,1.372
6.199,1.4158,0.89271,0.3386,0.25092,0.13492,0.010821,0,2.699
6.4894,1.2585,0.63753,0.42687,0.17722,0.0081732,0,0,2.18
6.6136,0.80182,0.63743,0.50879,0.47693,0.05008,0,0,2.3373
5.8413,0.82887,0.69953,0.6279,0.42565,0.14544,0.054248,0,3.3181
6.3406,2.3727,0.16755,0.092087,0.055381,0.033865,0.0040868,0,2.6379
5.7771,3.0195,0.40813,0.038673,0.00012285,0,0,0,1.3371
6.7668,0.85158,0.25153,0.5736,0.48555,0.00047107,0,0,2.4431
6.1427,0.92362,0.65422,0.47101,0.29595,0.21069,0.022704,0,2.7051
4.3755,1.4375,1.572,0.67919,0.47382,0.11368,2.257e-10,0,2.3555
3.5384,2.0007,1.3627,1.1144,0.76998,0.00018561,0,0,2.259
4.864,1.2732,1.7496,0.51088,0.12349,0.070158,0.0013772,0,2.5776
4.2964,1.7905,2.0712,0.4401,0.03088,0.015828,0.0049466,0,2.3196
4.0127,1.8614,1.1263,0.84472,0.67585,0.2437,0.047507,0,3.2326
5.2758,1.1025,0.047862,0.26075,0.72112,0.49502,0.61619,0,3.3049
3.0853,2.3654,2.1212,0.77687,0.074207,0.00019663,0,0,1.8619
3.1967,2.5397,1.6006,0.95523,0.022803,0.00022005,0,0,1.8455
2.8998,2.6733,1.6696,0.83019,0.012864,0.34387,0.42312,0,2.6682
5.2138,1.2914,1.0156,0.78615,0.27125,0.17948,0.059656,0,3.3241
3.5087,2.4956,1.3334,0.48643,0.64505,0.30613,0.069571,0.0016234,2.809
6.5426,1.1697,1.3996,0.11518,0.075991,0.045062,0.012093,0,2.4335
6.4043,2.3438,0.33596,0.14419,0.063581,0.048408,0.0088224,-1.2988e-05,2.5712
4.4185,2.0853,1.0949,0.55352,0.21482,0.44756,0.35003,0.00019974,2.4701
3.1902,2.8887,1.7253,0.57762,0.52275,0.069173,0.0020056,-6.1116e-05,2.5564
4.9582,3.4242,0.35015,0.26069,0.18085,0.062259,0.0098336,-1.0126e-06,2.4402
4.0538,3.7075,0.89219,0.27379,0.17178,0.04157,0.0030786,0,2.33
2.6127,2.2623,1.5354,0.97079,0.77762,0.14549,0.0022998,0,3.0679
6.4029,0.99927,0.5004,0.0010283,0.37081,0.17715,0.28715,0.25586,2.8655
5.1254,1.1358,1.2279,0.47138,0.34235,0.16269,0.03299,-6.2115e-08,3.4012
4.6942,1.8025,1.2142,0.52069,0.10501,0.036576,0.010041,9.699e-05,2.8011
3.3679,2.6802,1.0557,0.62831,0.21788,0.2634,0.0019366,-4.5354e-09,3.0745
5.6631,2.9039,0.21562,0.077595,0.036061,0.02585,0.0071939,-1.6502e-06,2.7461
2.6218,2.0897,1.1364,1.067,0.53721,0.32506,0.0032347,-3.0525e-06,3.1014
2.8172,2.1866,1.5478,0.64903,0.23284,0.08916,0.011859,0.0015352,3.2321
5.7462,1.4773,1.0324,0.28018,0.13107,0.044115,0.017064,0,2.4701
4.0388,1.3928,1.3513,0.43851,0.76853,0.69188,-1.4247e-08,0,2.3867
3.2287,2.3415,1.0271,0.5984,0.25943,0.081862,0.040347,0.0038849,3.2001
2.2034,1.8647,1.6855,1.5366,0.60826,0.45468,0.05028,-7.7297e-07,2.4119
3.3429,2.6147,1.4833,0.33079,0.70452,0.041454,0.014048,-1.1262e-05,2.1313
4.6314,2.5846,1.1018,0.18891,0.24584,0.085048,0.018979,0,2.2748
4.0196,2.8277,0.75162,0.42246,0.50454,0.078044,0.0030278,-8.8913e-09,2.5907
3.2436,2.0467,1.1633,0.8616,0.72614,0.1775,0.00288,0,2.8183
3.3926,2.6282,1.0214,0.58415,0.23636,0.0222,0.0034821,0,2.5333
3.4861,1.1726,0.54366,0.48219,0.097956,0.25998,0.24231,0.23244,3.9175
2.2609,1.6779,1.0325,0.74097,0.32458,0.10884,0.052361,0.026144,3.6795
2.3227,1.3629,0.83478,0.43605,0.18676,0.10674,0.032917,0.010117,3.6499
2.9289,1.2987,0.55035,0.38944,0.26926,0.16522,0.012054,5.3208e-05,3.3064
4.218,1.5691,0.48251,0.5667,0.32383,0.0386,0.062124,0.12333,3.6043
2.056,1.185,0.65044,0.48807,0.41442,0.2972,0.075664,0.042862,4.006
2.6448,1.5898,1.0466,0.51427,0.22475,0.052042,0.018578,0.0064636,3.4654
3.4816,1.6643,0.5869,0.41774,0.2856,0.11403,0.054859,0.028873,3.8614
2.1748,1.2124,0.76027,0.56037,0.34019,0.21251,0.051213,0.013929,4.1678
4.2646,1.6174,0.83864,0.4489,0.15347,0.066969,0.11484,0.10424,3.7463
3.3182,1.7596,1.1505,0.68894,0.31233,0.044576,0.16018,0.23876,3.6324
2.9936,1.7378,0.66448,0.29996,0.18042,0.11995,0.15074,0.030935,3.9669
2.3166,1.4297,0.82941,0.43218,0.33433,0.22918,0.059612,0.12889,4.0954
3.0549,1.6331,0.96237,0.22349,0.17179,0.1294,0.072346,0.056675,3.3398
2.4673,2.3271,1.5341,1.2644,0.27085,0.16977,0.049614,0.082977,3.304
4.0206,2.0697,1.4121,0.37257,0.21123,0.076762,0.015091,0.043374,3.3408
2.5725,1.5947,0.9231,0.75703,0.36621,0.13676,0.16099,0.0010988,3.9438
2.9897,1.1582,0.96126,0.49998,0.56275,0.55746,0.055556,0.099093,4.0361
2.6787,1.6475,0.92356,0.5566,0.078076,0.051322,0.034436,0.016463,3.4588
3.4573,1.4922,0.78879,0.32791,0.20455,0.29791,0.04371,0.0093289,3.9618
2.9646,1.1892,0.42125,0.31898,0.2199,0.093978,0.0096367,0.00054343,3.6044
2.3524,1.8707,1.5371,1.3339,0.21752,0.14349,0.091862,0.10345,3.4957
3.6612,2.5428,0.79694,0.21998,0.20017,0.052627,0.080653,0.11873,3.5464
2.8557,1.9205,1.5145,0.3182,0.23745,0.045452,0.13857,0.10398,4.1323
3.1003,2.0435,0.95258,0.57508,0.34344,0.21619,0.14679,0.1122,3.6232
2.5389,1.3236,0.91593,0.81081,0.30695,0.21138,0.08964,0.044608,3.9301
2.742,1.41,0.82286,0.93044,0.24766,0.16418,0.1318,0.0027488,3.8707
2.881,1.722,1.1854,0.63417,0.22816,0.0079243,0.0011977,0.0012689,2.7061
2.7826,1.2181,0.83051,0.30862,0.28673,0.15863,0.036402,0.00071408,3.6489
2.4435,1.4346,0.94832,0.89589,0.31188,0.12721,0.071527,0.034379,3.9818
2.6765,1.881,1.1528,0.3997,0.21608,0.10783,0.056729,0.067328,3.5193
2.3563,1.864,1.0796,0.76801,0.57292,0.040308,-9.9698e-08,-9.9223e-07,2.8901
3.1519,1.2436,0.85944,0.31087,0.21021,0.11407,0.071982,0.026439,3.507
3.0986,2.1618,2.6141,0.23509,0.070125,0.077639,0.12118,0.16784,2.9375
3.3395,0.94965,0.84555,0.524,0.41668,0.18159,0.063394,0.078592,4.0352
2.472,1.9063,1.3174,0.49699,0.23828,0.11749,0.051705,0.015247,3.3066
2.4328,1.8183,1.2206,0.63155,0.23476,0.13471,0.042494,0.081224,3.4967
2.3451,1.7998,1.223,0.87882,0.29153,0.082957,0.044747,0.023321,3.2046
3.5436,1.9707,0.71532,0.40343,0.19858,0.025822,0.018162,0.00059141,3.0195
3.3926,1.162,0.72979,0.33748,0.35337,0.17865,0.058766,0.088342,3.9639
2.9509,2.4218,1.2115,0.25181,0.21652,0.13483,0.081655,0.037838,3.2762
3.5736,1.0932,0.75811,0.34057,0.1795,0.0053534,0.007989,0.00048221,3.0516
3.2156,1.7944,0.94161,0.2863,0.11156,0.080906,0.040395,0.028095,3.1975
4.2988,0.61254,0.65489,0.31252,0.19255,0.17239,0.09602,0.030403,3.8866
3.5419,1.4219,0.88568,0.1378,0.37423,0.00068116,0.45174,0.00039082,3.3161
3.3222,1.4688,0.75026,0.49043,0.30577,0.16574,0.058622,0.046843,3.9357
3.7876,1.959,0.57521,0.26595,0.37783,0.015423,0.0015141,6.5434e-05,2.832
3.1511,1.1815,0.44415,0.42448,0.32072,0.20258,0.14197,0.046131,4.2488
3.1515,1.5919,1.2632,0.7454,0.069204,0.0055431,0.0070075,4.4621e-05,2.5894
3.4887,1.3582,1.145,0.37825,0.14137,0.11719,0.018773,0.042011,3.58
3.395,1.6583,0.46117,0.37185,0.28002,0.075819,0.046762,0.020299,3.8107
3.2559,1.1986,0.81988,0.26998,0.19781,0.12402,0.064045,0.022177,3.5741
3.9034,1.5836,0.45592,0.43428,0.21746,0.13601,0.079555,0.026113,3.6709
3.898,1.2933,0.63346,0.47769,0.49355,0.22303,0.10861,0.021175,3.9456
2.0563,1.4974,1.2142,0.59966,0.85009,0.36923,0.12701,0.0088299,4.0135
3.128,0.86491,0.69536,0.42054,0.31952,0.18865,0.17929,0.0021308,4.0493
3.5801,1.4002,0.64435,0.39445,0.22811,0.26529,0.032725,0.012812,3.9966
3.8918,1.5105,1.0136,0.17146,0.12542,0.0027345,0.0023693,0.00027447,2.3515
3.4344,0.99792,0.6932,0.48622,0.45466,0.23811,0.10339,0.039132,4.0991
2.8286,2.0468,1.2329,0.28822,0.17894,0.1151,0.071754,0.0531,3.4826
3.891,1.2766,0.34971,0.34117,0.19926,0.16726,0.093251,-8.4698e-08,3.3911
2.5276,1.2594,0.73246,0.23066,0.35356,0.3793,0.084976,0.012922,4.1029
3.4955,1.5942,0.62838,0.33606,0.28466,0.021284,0.0045531,0.00037685,2.8667
3.0352,1.3664,0.82892,0.50212,0.091327,0.0072185,0.030557,0.033919,3.3248
2.8067,1.2697,0.16366,0.28328,0.55686,0.39927,0.48036,0.012236,4.1973
2.9509,1.7493,1.0997,0.46601,0.55177,0.18158,0.016595,0.036471,4.1363
3.4309,1.6346,0.85069,0.40303,0.13741,0.099091,0.026724,0.016186,3.5571
2.6201,1.6015,0.88413,0.34665,0.19916,0.11612,0.052809,0.047761,3.613
4.0998,0.73354,0.41366,0.32833,0.15493,0.12034,0.065963,0.03967,3.932
2.8057,1.5736,1.0739,0.43009,0.099601,0.070544,0.023044,0.015838,3.2635
3.7907,1.2014,0.62638,0.52202,0.086317,0.0076671,0.019877,0.019877,3.3231
4.1479,2.3035,0.56976,0.18329,0.12142,0.087214,0.055449,0.031538,3.1696
2.8456,1.478,0.90393,0.48759,0.19419,0.10722,0.040897,0.046626,3.5064
3.2409,1.4725,1.0408,0.46857,0.14212,0.057329,0.022695,0.0023851,3.2966
3.6794,1.0244,0.73368,0.35051,0.17987,0.012312,-0.00010547,0.0012568,2.891
1.7805,1.271,1.057,0.8575,0.81572,0.55844,0.029356,0.294,4.2359
2.7167,1.2367,0.58942,0.46972,0.33822,0.22487,0.08812,0.0096233,4.0381
2.9837,1.2997,0.69263,0.48114,0.52119,0.20382,0.058788,0.0010869,3.8643
4.183,0.84914,0.58427,0.50653,0.26451,0.1471,0.05412,0.030597,4.4602
2.6467,2.1504,1.4024,0.27435,0.19154,0.098064,0.052008,0.011755,3.738
3.8533,0.96472,0.40478,0.32749,0.13351,0.052576,0.0068242,0.0043745,3.818
2.8649,2.1382,1.1361,0.24253,0.10724,0.059599,0.023565,0.041714,3.0784
2.4089,1.3571,0.78037,0.85304,0.93673,0.30634,0.0825,0.021049,4.2106
2.4257,1.1825,0.82591,0.5878,0.42056,0.066387,0.28317,0.15166,4.1841
3.7191,2.2426,1.0529,0.22069,0.11328,0.088579,0.039466,0.016146,2.8829
3.7847,1.9705,1.18,0.71352,0.15654,0.010664,-0.00028316,0.00059092,2.1987
2.8304,1.7033,1.0885,0.31311,0.10241,0.056989,0.021961,0.038147,3.2578
2.9379,1.957,1.4955,0.35227,0.28945,0.17042,0.12463,0.079051,3.7265
3.1084,0.65496,0.79759,0.36721,0.31118,0.2003,0.18554,0.1074,4.4511
3.5482,0.98478,0.4083,0.31781,0.20227,0.1224,0.055902,0.011564,3.7815
3.0545,1.2036,0.64248,0.34383,0.51477,0.1088,0.014513,0.0071515,4.1959
3.3436,1.0939,0.88378,0.54383,0.07982,0.0087307,0.0482,0.033579,3.4121
3.1364,2.0714,1.0372,0.23576,0.18987,0.08619,0.065628,0.001266,2.901
2.7449,1.6622,0.64272,0.50817,0.33025,0.20752,0.18999,0.092184,4.2443
2.4944,1.8923,0.89941,0.65278,0.57898,0.43045,0.20592,0.044644,4.1898
2.8303,1.5248,0.7861,0.50906,0.10303,0.066198,0.020343,0.017128,3.3366
4.0027,1.2463,0.97776,0.43187,0.22572,0.031967,0.00048446,-0.00010218,2.8557
2.9322,1.5681,0.91888,0.70378,0.17519,0.14333,0.0089338,0.0012943,3.1759
2.8441,1.7669,0.81745,0.24528,0.21407,0.032923,0.078823,0.063633,3.6246
3.7638,1.1295,0.74424,0.52821,0.21463,0.11818,0.069576,0.017976,3.3413
1.6397,1.3907,0.98692,0.81393,0.041226,0.62788,0.44577,0.3942,4.4353
2.3581,1.5202,0.86345,0.86797,0.54774,0.45173,0.11168,0.19645,4.2333
2.058,1.3226,1.3498,0.81938,0.50594,0.3098,0.37676,0.36669,3.4674
2.3475,1.472,1.2025,0.85783,0.57763,0.044568,0.20922,0.42988,3.1097
3.3351,2.1866,1.0265,0.38829,0.23031,0.093708,0.028129,0.034121,4.0756
2.9786,1.9379,1.4906,0.39408,0.12376,0.15881,0.020678,0.028744,3.9747
2.0676,1.4841,1.1639,0.80941,0.69176,0.71447,0.38642,0.39785,3.3812
3.5141,1.4279,0.92923,1.042,0.86716,0.45826,0.061871,0.15266,3.3024
3.4318,2.2767,1.545,0.5318,0.095876,0.24261,0.27027,0.34342,2.9334
2.737,2.1144,0.53423,0.60364,0.33815,0.17008,0.043801,0.049307,4.199
5.3279,2.264,0.43837,0.37655,0.13423,0.14426,0.086784,0.00098,2.582
4.1953,1.2912,1.2125,0.59671,0.37695,0.24058,0.052968,0.11531,3.6637
3.4976,1.6977,0.8824,0.78831,0.14973,0.1483,0.030404,0.088202,3.4727
3.3389,1.3825,1.5058,0.46416,0.39732,0.0674,0.14013,0.13347,3.6753
1.8662,1.3219,1.2424,1.0027,0.18618,0.67285,0.76988,0.62797,3.5622
2.2982,1.6423,0.902,1.154,0.79166,0.59759,0.22628,0.061637,4.3809
2.4567,2.4296,1.2852,0.86353,0.45227,0.20834,0.030446,0.66908,3.3175
3.4836,2.444,0.87301,0.37222,0.33269,0.16874,0.075829,0.053874,3.9963
1.548,1.6303,1.0907,0.22043,0.80267,0.79279,0.53456,0.41123,3.8497
4.7722,0.7065,0.31253,0.28655,0.10651,0.041485,0.0060935,0.015448,4.759
3.1459,1.5598,1.8599,0.87503,0.62583,0.38949,0.14228,0.043266,2.591
2.4851,1.4863,0.93807,0.65774,0.79682,0.19024,0.44267,0.3845,3.85
2.049,1.8886,1.3711,1.4355,0.99137,0.13804,0.34309,0.019691,3.4873
2.6339,1.9263,1.2888,0.66444,0.15687,0.34244,0.3116,0.025791,3.4423
1.6313,1.5656,1.3714,0.026441,0.9886,0.66707,0.85159,0.75612,3.1377
2.9658,1.8051,1.1395,0.64224,0.24879,0.34147,0.52336,0.43015,3.3537
2.446,1.7908,1.7838,0.82286,0.54083,0.36419,0.12397,0.20949,3.5208
2.3333,1.1362,1.4878,1.5132,0.50963,0.38977,0.16007,0.082642,4.0008
2.8017,1.9949,0.82522,0.62131,0.51551,0.42179,0.36889,0.06153,4.4041
1.9679,2.2414,1.0502,0.85909,0.68428,0.72231,0.31363,0.023505,3.3161
2.6403,1.6305,0.91361,1.0795,0.60483,0.31063,0.03436,0.017744,3.488
2.3249,1.9645,0.88934,0.56585,0.74464,0.67395,1.6651,0.059623,3.1583
2.9637,1.3953,0.062589,0.27615,1.0028,0.80013,0.63252,0.51544,3.8525
4.1768,1.5068,1.3678,0.37273,0.41729,0.17759,0.24032,0.049394,3.762
2.3494,1.9483,1.3199,0.76067,0.84926,0.60874,0.332,0.011415,3.9862
2.4337,1.9371,1.5277,0.10082,1.0969,0.78014,0.42724,0.22297,3.4088
2.9547,1.5312,1.2069,0.75542,0.68758,0.47861,0.28848,0.27081,3.0079
2.2381,1.6179,1.2122,1.0156,0.40911,0.099304,0.04751,0.0512,4.0288
2.112,1.7459,0.55766,0.94318,0.75213,0.88897,0.28482,0.14052,3.7487
3.6412,2.3908,0.68227,0.51951,0.13485,0.10091,0.23897,0.20995,3.6622
1.4849,1.355,0.38567,1.1634,0.96416,0.71662,0.8322,0.081624,4.0095
1.8203,1.4331,0.86994,0.80767,0.65539,0.052962,0.44706,0.2539,4.7775
2.899,1.7901,1.6968,1.1208,0.57173,0.10175,0.053361,0.026266,3.0489
2.839,2.0541,1.594,0.87816,0.31545,0.022134,0.1185,0.14412,3.2936
4.0626,0.89307,0.99011,0.46239,0.31496,0.2236,0.089343,0.14518,4.4628
2.1841,1.8139,1.4352,0.82454,0.42888,0.13124,0.038075,0.011623,3.5567
5.1378,1.8437,0.68323,0.53608,0.2658,0.093188,0.038089,0.0050705,3.1428
3.2358,1.3069,1.0251,0.13128,0.12094,0.10531,0.74743,0.76501,4.0955
4.21,1.4659,0.95951,0.35148,0.3091,0.076207,0.029911,0.049627,3.8573
2.1151,1.4165,1.2598,0.77647,0.56186,0.47111,0.35705,0.14121,4.4015
2.8405,1.7364,0.46751,0.40227,0.92432,1.1336,1.0357,0.10907,2.3613
1.9751,1.5006,1.2959,0.94925,0.53827,0.11107,0.25545,0.35723,3.6
0.30819,0.5044,1.1778,0.99634,1.9968,1.8613,1.782,0.16785,3.2098
3.3759,1.9225,1.1765,0.74447,0.43894,0.18282,0.070893,-5.0608e-08,3.3844
2.7286,1.1427,1.0439,0.67581,0.4287,0.32802,0.13785,0.02872,4.3428
1.7904,1.2739,1.2467,0.89033,0.53155,0.63339,0.20295,0.14863,4.2851
2.9439,1.6427,1.3422,1.0257,0.67244,0.12229,0.072365,0.0010961,3.5418
2.9897,2.5475,0.96787,0.64672,0.39027,0.23111,0.15681,0.0020759,3.7855
0.054848,1.9172,1.7869,0.58177,1.1767,0.9077,0.98133,0.00089597,3.428
1.7021,1.5812,1.0363,0.37094,0.59021,0.71289,0.82947,0.090159,4.4073
1.6681,1.4188,1.2353,1.061,0.91362,0.66213,0.35925,0.025094,3.6519
2.5774,1.6686,1.4626,0.6928,0.53169,0.30131,0.096953,0.034636,3.7949
1.8914,0.3899,0.016104,1.5549,1.3177,0.6526,0.98382,0.92814,3.5832
2.8111,1.9482,1.1821,0.8342,0.62774,0.26194,0.13115,0.0084675,3.3928
1.7589,1.3568,1.0945,0.79164,0.73203,0.50026,0.47831,0.17344,3.7957
5.5496,0.0038879,1.8661,0.62022,0.52826,0.24052,0.27498,0,2.3917
2.8533,1.9885,0.94078,0.86665,0.093065,0.44736,0.13829,0.57835,3.2449
4.0171,2.6944,1.7481,0.23539,0.064625,0.0071753,0,0,1.9688
2.794,2.5447,1.1482,0.63682,0.39694,0.5326,0.49798,0.18017,3.0753
2.721,1.9491,1.1074,0.55774,0.342,0.26913,0.061617,0.13802,4.0756
2.6984,1.5593,1.0736,0.78114,0.65311,0.13901,0.064027,0.0035355,3.6928
2.1717,1.7432,1.2831,1.3026,0.5711,0.27535,0.30426,0.047991,3.6033
3.7405,1.1935,0.074406,0.49494,0.50795,0.33227,0.1502,0.23583,4.4109
1.5269,1.476,0.63805,1.164,1.03,0.90151,0.86888,0.00088016,3.6349
2.1925,1.472,1.3529,0.35841,0.87394,0.60339,0.73753,0.0011927,3.1773
2.9667,2.1211,1.103,0.6806,0.26779,0.15195,0.05719,0.016997,3.9782
3.7901,1.071,0.9984,0.67765,0.25516,0.18486,0.061261,0.034409,4.5066
1.7522,1.325,1.3738,0.32693,0.76608,0.7012,0.43661,0.41501,4.0348
2.1388,1.921,1.6167,0.25806,0.093995,0.69088,1.0722,0.040195,3.2439
0.14908,1.5698,1.3859,1.2051,0.98894,0.32811,0.54064,0.5978,4.2928
1.9192,1.6529,1.4754,1.0363,0.81272,0.44655,0.27108,0.014455,3.9884
1.8779,1.6157,1.1899,1.1193,0.82929,0.39523,0.43286,0.13246,4.1751
3.2881,1.3959,0.77038,0.41124,0.34595,0.05214,0.14876,-2.9975e-06,3.4862
2.4197,1.5897,1.0404,0.64537,0.77798,0.24825,0.13082,0.040305,3.9522
1.3468,1.2767,1.6261,1.7351,1.7279,0.79031,0.55799,0.19006,2.3471
1.902,1.2733,0.87119,0.53044,0.54776,0.10633,0.25361,0.20131,4.8706
2.7031,0.41501,0.52011,0.76951,1.6648,1.4476,0.12975,0,2.7558
1.7828,1.2981,1.1517,0.86913,0.51481,0.33691,0.19828,0.013449,3.9015
0.13337,3.5349,2.3118,1.328,1.1074,0,0,0,1.6591
2.4713,2.0178,1.1858,0.60767,0.41273,0.29709,0.13001,0.057536,4.1401
2.1421,1.6115,1.1316,1.1419,0.78295,0.31272,0.42977,0.47082,3.2364
1.9706,1.4518,1.0073,0.93702,0.70783,0.50583,0.16047,0.046991,3.9208
3.576,2.0429,1.7121,0.2531,0.19163,0.015575,0.00043326,-0.0020242,3.1927
2.7882,1.496,0.88784,0.59746,0.51813,0.17057,0.38448,0.28685,4.2845
2.2376,1.8059,1.2972,1.3159,1.0287,0.40389,0.012526,-7.7597e-07,2.7291
2.2633,1.4255,1.026,0.87652,0.61218,0.4217,0.33581,0.00074718,3.4364
1.8741,1.3728,0.94531,0.70468,0.56632,0.31659,0.24255,0.031147,4.3575
2.6216,2.2272,1.8071,0.76072,0.22131,0.15087,0.14035,0,3.233
2.5745,1.4349,0.9105,0.48015,0.43365,0.4175,0.1891,0.18262,3.4953
0.18436,0.44137,1.788,1.6821,0.99898,1.1239,1.2814,0.066125,3.1199
1.5374,1.1131,0.93605,0.68874,0.54427,0.41332,0.30081,0.051076,4.371
1.7702,1.7006,1.3164,1.1379,0.85802,0.39033,0.31648,0.005776,3.5358
3.4161,1.1403,1.0138,0.81007,0.73491,0.51874,0.37131,0.0067794,3.4029
2.3886,1.158,0.97526,0.19661,0.70579,0.52088,0.43263,0.45479,4.7303
2.5516,1.6173,1.1356,0.80904,0.85768,0.45886,0.081724,0.13355,3.7756
1.9005,1.3067,1.2042,0.7397,0.62608,0.4398,0.25695,0.030502,4.3245
1.7119,1.2546,0.98514,0.66887,0.48879,0.33578,0.31168,0.053513,4.4934
1.7472,1.4496,1.3534,0.52044,0.55225,0.60578,0.68916,-2.7153e-08,3.6058
2.3155,1.5498,1.2066,0.87263,0.69254,0.37724,0.11247,-6.9368e-07,3.3703
2.0697,2.1338,1.3946,0.79063,0.50057,0.37563,0.24243,0,3.8895
1.7265,1.3947,1.0346,0.82449,0.053406,0.36323,0.56153,0.41826,4.5279
1.8838,2.0295,1.0066,0.59191,0.53286,0.27597,0.12466,0.040111,4.17
1.8623,0.070695,0.46001,0.71968,1.535,1.3044,0.98751,1.0398,3.7664
4.9126,1.0364,0.60344,0.37091,0.29823,0.17711,0.097489,0.10764,4.5109
1.7003,1.3218,1.0261,0.015108,0.3643,0.68947,0.65015,0.57922,4.37
1.7584,1.496,1.2147,0.63192,0.90632,0.83949,0.29595,0,3.3973
2.7621,1.1421,0.87404,0.70621,0.60123,0.4167,0.1708,0.036039,3.9393
2.2272,1.3117,1.159,0.89626,0.59943,0.51517,0.11026,8.9453e-05,3.601
3.5849,1.0691,0.66455,0.49379,0.3796,0.27396,0.19272,0.034966,4.5699
1.6535,1.0884,0.98489,0.8852,0.69467,0.51162,0.56941,0.028998,4.1726
1.4759,1.2086,0.46238,1.042,0.91594,0.62899,0.72839,0.058753,4.4035
2.7236,1.9091,0.98279,0.62491,0.39931,0.24026,0.13229,0.010889,4.2223
1.7595,1.2941,1.1473,0.77216,0.57754,0.43845,0.34582,0.060115,4.4328
2.794,1.4889,0.78862,0.6905,0.52679,0.36347,0.25922,0.072552,4.2342
3.2735,1.3088,0.76211,0.61227,0.35839,0.26266,0.11943,0.027932,4.5346
3.7039,1.3489,0.83025,0.63665,0.39723,0.1148,0.23768,0.24972,3.8586
1.8265,1.346,1.1031,0.82503,0.61458,0.45541,0.50101,0.13639,3.9917
2.1131,1.2728,0.92568,0.76978,0.60493,0.5288,0.40819,0.056638,4.2255
5.005,0.95536,0.78766,0.46518,0.37878,0.25037,0.039918,0.12823,3.9678
3.7204,1.2045,0.76097,0.64074,0.078954,0.42993,0.33454,0.27457,4.1634
1.8372,1.1427,0.92211,0.68743,0.49482,0.35581,0.27441,0.063504,4.3802
2.5979,1.189,0.91242,0.67546,0.57703,0.46007,0.3725,0.092066,4.0566
1.8977,1.4814,1.065,0.85234,0.64675,0.37009,0.44124,-5.7342e-08,3.4258
1.564,1.4382,1.1608,0.95819,0.68838,0.72614,0.83663,0.13655,3.8694
1.6197,1.3765,1.0114,0.65998,0.51023,0.39714,0.25475,0.036236,4.7434
2.6596,1.5454,0.99169,0.62825,0.3857,0.16238,0.036782,-1.5212e-08,3.9942
1.5934,1.3302,1.0069,0.87428,0.82624,0.6855,0.63925,0.075364,4.052
2.0423,1.3086,1.0579,0.77428,0.64217,0.58482,0.36566,0.025514,4.4177
2.3838,1.4525,1.33,1.0584,0.32124,0.6348,0.098033,0.57109,3.6775
1.6598,1.3727,0.87944,0.70641,0.55047,0.37339,0.34987,0.040071,4.3473
2.5019,1.3436,1.0674,0.79028,0.61716,0.49485,0.29302,0,3.8295
1.623,0.52756,0.53294,0.74703,0.98239,1.3401,1.2994,0,3.111
1.6714,1.318,1.0267,0.80543,0.60204,0.44537,0.18825,0.00019964,3.4598
4.3506,1.29,0.80565,0.32765,0.14955,0.038946,0.0033753,-0.00036251,3.9685
1.8388,1.5372,0.009314,0.44396,0.62376,0.72268,0.90252,0.82587,4.3055
1.48,1.2083,1.0551,0.82347,0.41471,0.63958,0.5229,0.038067,4.3002
2.053,1.1632,0.95242,0.63455,0.43234,0.36336,0.20614,0.026739,4.3399
2.3649,1.5089,0.47709,0.5696,0.71998,0.97393,1.1385,0.066468,3.7364
3.1285,2.8908,0.96242,0.53078,0.43686,0.19218,0.066187,-2.544e-07,3.2536
3.73,1.1615,0.76498,0.58746,0.45381,0.28212,0.32799,0.033739,4.0885
4.2147,1.2028,0.97471,0.70035,0.58855,0.26001,0.085644,-9.7931e-08,3.3809
4.5224,1.4888,0.599,0.35228,0.27054,0.21138,0.1574,0.0001921,3.8871
5.2579,1.1425,0.75545,0.47008,0.33411,0.025305,0.0012551,-7.4163e-07,3.0466
4.4597,1.5495,0.66549,0.36053,0.25428,0.15484,0.10398,0.019625,4.0162
3.9333,0.93707,0.70815,0.4561,0.37899,0.249,0.21836,0.029338,4.4127
3.0216,1.1479,1.0782,0.59709,0.0098719,0.40353,0.31437,0.20321,4.427
2.2794,1.1556,0.79076,0.61536,0.45556,0.28378,0.18301,0.056209,4.9257
1.7728,0.40428,1.3347,1.1223,0.66812,0.91489,0.85772,0.065153,3.9621
3.8011,1.8124,0.74887,0.54739,0.043766,0.4149,0.27372,0.25338,3.8088
4.6214,0.95637,0.8206,0.010474,0.55105,0.46638,0.30151,0.21188,3.8996
1.69,1.3142,1.0731,0.94977,0.78515,0.67495,0.61484,0.019562,4.0332
4.2909,0.89222,0.95819,0.66027,0.50183,0.23735,0.27286,0.11104,3.6879
1.4824,1.3078,1.2504,0.9868,0.90722,0.67442,0.52804,0.059897,4.0568
4.2305,1.1379,0.72612,0.48806,0.34665,0.24219,0.13934,0.038254,3.9392
3.7568,1.6766,0.70042,0.37474,0.22591,0.15706,0.020456,-4.8911e-06,3.3125
3.2463,1.0523,0.7648,0.086984,0.55796,0.45826,0.34708,0.28797,4.4204
2.0506,1.2645,1.0812,0.81953,0.57365,0.42505,0.221,0.017186,4.26
1.7045,1.3099,1.1998,1.0522,0.86271,0.57298,0.48812,0.042771,3.6241
3.2203,1.5414,1.1602,0.67736,0.37552,0.28848,0.1071,0.02753,4.2575
4.2758,1.0204,0.72035,0.50933,0.1015,0.14603,0.23132,0.25764,4.797
4.7886,0.90902,0.4822,0.29478,0.23755,0.15019,0.10733,0.014997,3.9229
2.2101,1.6531,1.164,0.85447,0.55642,0.14907,0.05695,-1.5955e-06,3.7614
3.1372,2.1362,0.15291,0.92673,0.3949,0.67019,0.55455,-1.8602e-08,3.3236
4.3679,0.71379,0.58479,0.50589,0.3809,0.30183,0.16827,0.063212,4.5269
1.6582,1.1883,0.96183,0.88562,0.6556,0.60192,0.5285,0.040136,4.3062
2.1097,1.5108,1.1855,0.78183,0.43314,0.46757,0.060773,0.00017008,3.8844
1.8138,1.2154,0.91268,0.68912,0.48533,0.36757,0.29934,0.041833,4.5039
1.5098,1.3453,1.064,0.91299,0.82836,0.58127,0.61976,0.033439,3.6937
2.7333,1.4746,0.89641,0.51713,0.34386,0.26024,0.17178,0.00016944,3.9277
3.4744,1.218,0.90224,0.61797,0.38276,0.33454,0.031773,-2.4856e-06,3.5223
2.1032,1.7175,1.293,1.0212,0.7086,0.7768,0.29193,0.02637,3.3261
2.7089,1.2374,0.82178,0.549,0.35573,0.27008,0.13744,0.0073276,4.59
4.6613,1.337,0.58913,0.46429,0.34532,0.22562,0.11763,0.0065771,3.9876
5.0095,1.033,0.56378,0.26424,0.17881,0.12722,0.086832,0.0014804,3.9855
2.2162,1.629,0.5773,0.71665,0.98352,1.2403,0.23459,0.00019823,3.2751
1.7953,1.3153,0.90451,0.75052,0.59886,0.39724,0.39417,-9.8591e-07,3.9609
2.6548,1.171,0.89283,0.62737,0.44271,0.33256,0.24895,0.21675,4.3352
2.3947,1.7619,1.2108,0.76242,0.65284,0.57767,0.030123,0,3.1209
1.7104,1.3038,1.105,0.87614,0.71081,0.53685,0.24939,-8.025e-08,3.9435
1.606,1.2624,0.91088,0.75312,0.64639,0.57289,0.36199,0.037458,4.2644
1.7643,1.5004,1.1894,0.97602,0.71874,0.58848,0.1822,0.045362,3.7116
1.8609,1.5525,1.0066,1.1017,0.62468,0.39866,0.23724,0.053132,4.3394
1.5555,1.2271,0.9271,0.76302,0.56312,0.46674,0.36461,0.29169,4.2344
2.1553,1.2102,0.94893,0.71703,0.26471,0.39031,0.51673,0.46033,4.2865
3.0936,2.2966,0.77305,0.52268,0.31624,0.213,0.11461,0.023039,4.355
2.9178,1.753,0.82442,0.65784,0.24597,0.35915,0.42344,0.51984,3.7661
2.0771,1.5005,1.3743,0.81177,0.65258,0.60673,0.37514,0.064634,4.0587
3.8248,1.0748,0.18786,0.23739,0.77676,0.4485,0.54964,0.62282,4.0061
3.769,1.033,0.60996,0.52041,0.30215,0.1634,0.13281,-2.3866e-06,4.2293
1.6441,1.4047,1.0244,1.1899,0.34625,0.64581,0.53309,-1.5044e-07,3.6663
