0.34594,0.9236,0.10826,0.86132
0.25923,0.95223,0.11656,0.90605
0.88524,0.89086,0.071188,0.78381
0.36008,0.9489,0.095073,0.87694
0.63686,0.93867,0.076553,0.7992
0.76144,0.88587,0.063707,0.77231
0.58388,0.88993,0.10264,0.81193
0.27938,0.96804,0.10575,0.88366
0.58353,0.89507,0.093287,0.79965
0.31299,0.94932,0.12218,0.89902
0.39391,0.94547,0.081739,0.85839
0.53629,0.92003,0.072922,0.81243
0.45291,0.93981,0.097835,0.84707
0.75421,0.89102,0.079158,0.78284
0.43195,0.92792,0.098583,0.84061
0.44733,0.95392,0.091742,0.86415
0.25523,0.94618,0.14363,0.89069
0.35666,0.94737,0.13235,0.87694
0.39613,0.94761,0.17464,0.86642
0.74797,0.86297,0.076124,0.78215
0.21298,0.96598,0.11365,0.90237
0.18713,0.97403,0.10468,0.9155
0.65999,0.90487,0.067793,0.79675
0.4105,0.9581,0.075625,0.85549
0.32986,0.96197,0.15302,0.8849
0.80511,0.88339,0.061245,0.77867
0.53161,0.93613,0.088179,0.84752
0.21562,0.96601,0.11302,0.9074
0.46704,0.95233,0.076408,0.8396
0.53116,0.9262,0.10923,0.85099
0.58456,0.85664,0.092229,0.78859
1.3688,0.80998,0.046731,0.69428
0.39683,0.94117,0.12266,0.86606
0.62108,0.87794,0.11629,0.8593
0.61751,0.90649,0.073735,0.811
0.47852,0.92658,0.11267,0.85856
0.26897,0.95186,0.13142,0.90037
0.56921,0.90795,0.089601,0.82782
0.28836,0.95201,0.1448,0.89372
0.32051,0.9715,0.11894,0.88406
0.41525,0.95773,0.11255,0.87173
0.45469,0.95937,0.10131,0.86066
0.31092,0.94382,0.13906,0.88039
0.38766,0.96824,0.10709,0.88304
0.19635,0.98461,0.20051,0.94473
0.38979,0.92669,0.18461,0.88083
0.35395,0.92749,0.21796,0.89059
0.71069,0.91324,0.060003,0.78473
0.70359,0.8699,0.10917,0.82703
0.84638,0.88122,0.089888,0.80929
0.39473,0.94215,0.096779,0.86494
1.1131,0.84361,0.067863,0.73944
0.7768,0.89201,0.061982,0.7706
0.51517,0.92133,0.070481,0.82396
0.70722,0.92262,0.071814,0.80392
0.57451,0.92822,0.10701,0.83866
0.64898,0.9048,0.078547,0.79366
0.4692,0.93167,0.14169,0.8572
0.47576,0.91855,0.095784,0.83973
0.57687,0.92054,0.086199,0.81517
0.63202,0.90089,0.081954,0.80883
0.89893,0.84842,0.058616,0.74528
0.29005,0.96061,0.13077,0.89191
1.0396,0.90834,0.069078,0.79112
0.84126,0.90413,0.065657,0.77077
0.23195,0.9749,0.27298,0.93535
0.3516,0.94334,0.13978,0.88924
0.44869,0.91652,0.1026,0.8525
0.46966,0.92388,0.10209,0.85274
0.36088,0.93046,0.18472,0.88039
0.63997,0.84412,0.097452,0.79177
0.31517,0.94766,0.10103,0.88721
0.55461,0.92347,0.079778,0.81973
0.341,0.94745,0.26717,0.90452
0.13734,0.97147,0.15388,0.93707
0.35116,0.95015,0.090636,0.86564
0.62929,0.91332,0.095368,0.82977
0.5597,0.91743,0.074369,0.8254
0.42311,0.90808,0.13633,0.86171
0.24038,0.94279,0.31969,0.94017
0.69913,0.90717,0.074731,0.81126
0.40297,0.94291,0.12042,0.85392
0.78847,0.8693,0.094058,0.78739
0.37181,0.94282,0.13627,0.86658
0.5795,0.92981,0.10292,0.82766
0.73009,0.86773,0.11398,0.81372
0.60306,0.9145,0.065675,0.80863
0.89,0.8628,0.077651,0.76142
0.66415,0.84268,0.097963,0.81163
1.0909,0.81821,0.073703,0.72612
0.67056,0.91719,0.069882,0.78952
0.61422,0.92043,0.081311,0.8157
0.2815,0.94594,0.12953,0.89481
0.66917,0.92491,0.070001,0.8073
0.76902,0.88729,0.065222,0.78266
0.21936,0.98185,0.14462,0.91846
0.41333,0.94663,0.092173,0.86575
0.2862,0.9346,0.1273,0.88046
0.37318,0.90242,0.12353,0.85386
0.71411,0.87466,0.092243,0.8066
1.0268,0.83837,0.067865,0.77009
0.37927,0.91901,0.14598,0.90048
0.25584,0.91908,0.17177,0.91282
0.17398,0.9722,0.15735,0.93197
0.42704,0.87969,0.13952,0.87518
0.22818,0.95075,0.14139,0.91048
0.57733,0.89684,0.13251,0.89469
0.82828,0.8283,0.10264,0.81212
0.32366,0.89134,0.21319,0.88126
0.65247,0.9176,0.11416,0.8268
0.62653,0.84542,0.13214,0.83341
0.24618,0.94207,0.15163,0.90457
0.25021,0.94751,0.13823,0.91269
0.3893,0.90063,0.12988,0.86799
0.55575,0.92954,0.093008,0.8085
0.39628,0.94706,0.097724,0.88374
0.54087,0.88382,0.13518,0.85621
0.49816,0.90423,0.13309,0.87004
0.42475,0.916,0.11794,0.87166
0.41759,0.94616,0.13286,0.88201
0.23311,0.94236,0.15262,0.91628
0.47507,0.91282,0.21235,0.91371
0.27435,0.93822,0.16386,0.9063
0.25244,0.92095,0.28099,0.9167
0.1963,0.97145,0.13255,0.92125
0.13995,0.9674,0.17874,0.93838
0.07836,0.94909,0.26875,0.96431
0.25822,0.88248,0.2731,0.91588
0.57237,0.91364,0.1298,0.85697
0.25581,0.93692,0.20178,0.90141
0.11487,0.97053,0.20992,0.94822
0.086959,0.97963,0.2385,0.96111
0.34042,0.91922,0.12764,0.87337
0.23917,0.94038,0.1678,0.90297
0.36449,0.90572,0.11642,0.85441
0.24675,0.93802,0.162,0.91253
0.26496,0.92003,0.16847,0.91446
0.22732,0.92378,0.26548,0.9279
0.13082,0.95239,0.22366,0.94821
0.47007,0.88729,0.16138,0.84654
0.87657,0.87793,0.079512,0.81903
0.25878,0.94085,0.17532,0.90941
0.29748,0.92393,0.1513,0.89211
0.070241,0.97869,0.1982,0.96725
0.44818,0.93726,0.10865,0.83928
0.17107,0.96003,0.17391,0.92967
0.23167,0.94338,0.14402,0.912
0.53299,0.86975,0.10432,0.82555
0.22441,0.95775,0.1353,0.90801
0.18652,0.91709,0.24607,0.93583
0.29456,0.92627,0.17579,0.90284
0.27713,0.88421,0.21185,0.90345
0.18343,0.92788,0.31342,0.93765
1.1628,0.78676,0.056784,0.729
0.31521,0.9453,0.1228,0.88899
0.18573,0.93175,0.25705,0.9233
0.23057,0.90447,0.22069,0.92753
0.22438,0.9268,0.17953,0.92433
0.32637,0.92003,0.23265,0.8944
0.23832,0.9427,0.19294,0.91495
0.48139,0.94202,0.082504,0.84384
0.16233,0.81454,0.57084,0.94982
0.20334,0.95593,0.14197,0.93136
0.137,0.95323,0.2378,0.94705
0.39742,0.90392,0.15897,0.86148
0.27396,0.92611,0.21254,0.91956
0.35659,0.92577,0.13435,0.88808
0.30727,0.93229,0.12437,0.87868
0.27181,0.94735,0.18694,0.88484
0.37386,0.92863,0.20141,0.87575
0.43675,0.9058,0.096776,0.84557
0.39382,0.87338,0.13711,0.85657
0.32198,0.88204,0.17871,0.88357
0.15735,0.96034,0.2222,0.94269
0.53006,0.84161,0.14415,0.84786
0.52644,0.89613,0.091456,0.82919
0.36967,0.88991,0.18989,0.88147
0.3305,0.90891,0.19327,0.89155
0.42234,0.93039,0.1381,0.86573
0.22879,0.94223,0.1411,0.90758
0.22869,0.9031,0.21799,0.92159
0.32569,0.92024,0.21387,0.89127
0.31948,0.93809,0.15682,0.8776
0.2318,0.91831,0.22083,0.91926
0.43194,0.84233,0.19062,0.89227
0.25261,0.94522,0.15415,0.9095
0.14864,0.91378,0.26042,0.9482
0.16757,0.9687,0.14661,0.93458
0.23461,0.95839,0.12218,0.91004
0.22475,0.95975,0.19103,0.91856
0.36492,0.94111,0.097108,0.87039
0.40795,0.81315,0.27367,0.89401
0.25822,0.90114,0.30715,0.92265
0.78512,0.88124,0.07343,0.8018
0.30687,0.91986,0.17889,0.9189
0.32071,0.87267,0.23071,0.89628
0.90987,0.88351,0.079354,0.78664
0.29497,0.9256,0.14936,0.90301
0.32671,0.93197,0.16908,0.90407
0.058364,0.98763,0.17554,0.97104
0.64189,0.82623,0.13756,0.84785
0.51669,0.93833,0.14916,0.87435
0.83984,0.83343,0.13886,0.83069
0.88958,0.87166,0.096433,0.81611
0.85677,0.81419,0.096389,0.79774
0.80838,0.83347,0.12656,0.84052
0.75126,0.8904,0.089263,0.81948
0.69882,0.9459,0.095978,0.85173
0.62132,0.92791,0.11999,0.83253
0.68071,0.94262,0.079484,0.81297
0.85363,0.91083,0.079855,0.79924
0.94314,0.9089,0.086167,0.80408
1.0096,0.86031,0.06857,0.76295
0.50468,0.89601,0.22129,0.90202
0.62527,0.85925,0.16551,0.8758
0.51977,0.91127,0.13084,0.88974
0.67884,0.94427,0.11743,0.8425
0.71179,0.92701,0.094761,0.8218
0.70764,0.90864,0.092352,0.82928
0.74787,0.88492,0.1128,0.83074
0.34957,0.93386,0.1685,0.91618
1.3493,0.82185,0.049996,0.69614
0.66146,0.86995,0.095118,0.82648
0.62708,0.94653,0.15056,0.86941
0.3379,0.93497,0.13999,0.92626
0.60367,0.92132,0.10122,0.83832
0.76202,0.90982,0.076328,0.82441
0.56571,0.89499,0.13621,0.86809
0.78916,0.89224,0.14798,0.84285
0.71343,0.89034,0.1211,0.83447
0.96004,0.87382,0.085493,0.80317
1.1509,0.81433,0.074108,0.77757
0.72932,0.86181,0.10221,0.83544
0.39847,0.93987,0.10915,0.86007
0.027206,0.97886,0.33519,0.99005
0.50288,0.90231,0.13009,0.87932
0.39281,0.90859,0.11125,0.85821
1.0726,0.86675,0.060974,0.76937
0.83548,0.85223,0.086615,0.80058
0.56061,0.87306,0.1365,0.87257
0.82733,0.89468,0.078576,0.80739
0.73862,0.83704,0.10677,0.8309
0.60296,0.81493,0.18719,0.87099
0.97757,0.83217,0.11259,0.79581
0.65964,0.88686,0.15594,0.86133
0.34197,0.84294,0.32209,0.86585
0.60692,0.9022,0.082843,0.83065
0.80759,0.88054,0.080306,0.78936
0.7144,0.8701,0.14626,0.84733
0.76333,0.8447,0.083556,0.77798
0.75022,0.8684,0.1497,0.82627
1.0536,0.80591,0.11055,0.7917
0.80301,0.89297,0.11975,0.83767
0.87969,0.88675,0.10677,0.83082
0.44895,0.95752,0.0876,0.84386
0.64847,0.87505,0.077149,0.79519
0.40813,0.9612,0.097916,0.86344
0.53036,0.9242,0.098098,0.83674
0.34973,0.962,0.16738,0.90664
0.52908,0.91791,0.079904,0.82997
0.75357,0.85355,0.086321,0.77444
0.89513,0.87896,0.095764,0.80448
0.99723,0.90102,0.096038,0.79969
0.57334,0.85687,0.17463,0.89271
0.35339,0.92379,0.14885,0.91013
0.51534,0.95738,0.10546,0.85639
0.8272,0.87044,0.062583,0.77371
0.82286,0.84415,0.068093,0.77601
0.37221,0.92539,0.14912,0.86794
0.89598,0.88412,0.10043,0.78643
0.48146,0.91884,0.13904,0.8773
0.42589,0.91382,0.15691,0.88678
0.71291,0.88904,0.15748,0.85593
0.7222,0.85983,0.27265,0.83191
0.67489,0.90012,0.37874,0.87273
0.60966,0.92206,0.13201,0.85686
0.51661,0.95734,0.26048,0.8795
0.76016,0.84342,0.079093,0.78807
0.58312,0.88839,0.15026,0.87477
0.45417,0.91374,0.11669,0.87229
0.65176,0.86514,0.12363,0.83668
0.5059,0.92654,0.14401,0.8483
0.72426,0.86126,0.067296,0.74979
0.56304,0.94536,0.11596,0.85059
0.76997,0.89963,0.086936,0.80394
0.66608,0.87381,0.11938,0.8188
0.58226,0.88171,0.17098,0.84526
0.73096,0.89457,0.082407,0.80551
0.71391,0.84029,0.14018,0.81378
0.49385,0.89443,0.12045,0.84611
0.38398,0.94937,0.13253,0.86391
0.54305,0.87871,0.090982,0.81286
0.51144,0.94842,0.1271,0.86298
0.36347,0.89813,0.18003,0.8855
0.43702,0.92948,0.14183,0.86924
0.22999,0.94486,0.22404,0.91074
0.33316,0.93789,0.09516,0.86381
0.29614,0.97034,0.17626,0.91244
0.60474,0.86181,0.16868,0.84327
0.67443,0.90463,0.12671,0.85628
0.63738,0.89844,0.14064,0.86878
0.29241,0.96044,0.17452,0.91742
0.94694,0.87214,0.10597,0.81904
0.47955,0.91309,0.16765,0.8895
0.44988,0.9304,0.15733,0.90273
0.69952,0.91072,0.099819,0.84999
0.49339,0.95202,0.11147,0.8657
0.97403,0.86222,0.074551,0.78407
0.91081,0.90077,0.090655,0.82572
0.43477,0.9526,0.10315,0.89602
1.1066,0.86666,0.10994,0.8245
0.52191,0.92349,0.099277,0.87781
0.67665,0.90111,0.10077,0.85392
0.72873,0.91609,0.094154,0.87307
0.65121,0.92904,0.13526,0.86584
0.79967,0.91289,0.11408,0.84426
0.55047,0.94824,0.12285,0.88247
0.70941,0.83377,0.13364,0.83346
0.70878,0.88677,0.10387,0.83039
0.52374,0.92121,0.10639,0.86239
0.74028,0.92145,0.11207,0.84462
1.699,0.8062,0.096207,0.78664
0.82542,0.90829,0.16719,0.85114
0.55329,0.94954,0.1292,0.88254
0.71502,0.91023,0.11403,0.86569
1.0515,0.88857,0.081053,0.81204
0.67114,0.9111,0.10788,0.86037
0.63781,0.92171,0.15128,0.85825
0.58414,0.89999,0.099482,0.83733
0.93155,0.89791,0.12436,0.82144
0.51033,0.93609,0.11044,0.87747
0.58567,0.91,0.090621,0.84774
0.57464,0.92099,0.11014,0.87031
0.74434,0.90288,0.082656,0.83564
0.5178,0.94338,0.10137,0.87227
0.67196,0.94008,0.12214,0.88075
0.75956,0.91223,0.075721,0.81342
0.53319,0.93858,0.094268,0.86842
0.58602,0.90213,0.11403,0.85786
0.551,0.93184,0.15926,0.88359
0.80761,0.90263,0.10725,0.84609
0.57468,0.93142,0.13504,0.89058
0.84201,0.9153,0.10392,0.844
0.97077,0.83712,0.075626,0.79407
0.55259,0.86943,0.16923,0.88256
0.62152,0.93054,0.14328,0.88163
0.48495,0.93948,0.10633,0.87589
0.44964,0.92801,0.12456,0.88391
0.7763,0.89725,0.08602,0.81028
0.68473,0.87938,0.11781,0.83659
0.62715,0.90139,0.10167,0.84806
0.76736,0.92558,0.15006,0.83862
0.83394,0.88963,0.096296,0.82048
0.63819,0.90671,0.088224,0.82691
0.50873,0.92227,0.10857,0.87813
0.96196,0.82931,0.073569,0.77267
0.59537,0.93859,0.15281,0.875
0.46704,0.95088,0.14267,0.88464
0.62584,0.90488,0.15723,0.86289
0.63598,0.90238,0.11048,0.85245
0.60222,0.90474,0.10084,0.8179
0.6329,0.91923,0.097483,0.85568
0.65129,0.94066,0.12452,0.8708
0.66546,0.92099,0.11209,0.87864
0.3812,0.96072,0.11943,0.89609
0.85727,0.83949,0.07854,0.77236
0.67792,0.88516,0.15725,0.84833
0.85041,0.91203,0.085198,0.84135
0.45143,0.93527,0.12188,0.88599
0.92047,0.86572,0.092143,0.78642
0.56097,0.90081,0.13806,0.87353
0.59311,0.92673,0.15471,0.88398
0.69841,0.92793,0.12232,0.86636
0.55471,0.93007,0.13395,0.89373
0.45529,0.95547,0.10169,0.87787
0.57998,0.9126,0.11755,0.86975
0.45622,0.92564,0.12337,0.87037
0.57884,0.88484,0.10868,0.86033
0.65865,0.9195,0.13341,0.8842
0.81315,0.88649,0.10573,0.83598
0.41592,0.94845,0.11857,0.89697
0.67212,0.9223,0.081057,0.84027
0.48187,0.93868,0.11258,0.8827
0.83134,0.90932,0.083553,0.81749
0.53951,0.94245,0.11926,0.86881
0.26248,0.96051,0.15003,0.92357
0.77571,0.91953,0.12374,0.86728
0.80539,0.90366,0.12234,0.84584
0.65091,0.89121,0.11238,0.85463
0.46748,0.93905,0.092267,0.87348
0.63189,0.93419,0.13232,0.84497
0.51804,0.94489,0.081196,0.8482
0.68657,0.91601,0.11784,0.87756
0.894,0.9005,0.097387,0.81181
0.88818,0.88026,0.076787,0.8152
0.55153,0.92491,0.084129,0.84372
0.75951,0.89296,0.09986,0.82378
0.81442,0.89092,0.099254,0.8146
0.53348,0.93296,0.13153,0.87642
1.2683,0.83952,0.068249,0.79507
0.2829,0.95098,0.45758,0.93831
0.3241,0.95056,0.45909,0.93318
0.20797,0.95894,0.34136,0.93775
0.19505,0.96239,0.46675,0.94951
0.2918,0.9628,0.46681,0.93112
0.39104,0.94096,0.35181,0.9218
0.29287,0.95396,0.41019,0.92817
0.341,0.90415,0.50991,0.94044
0.39147,0.96263,0.22706,0.88948
0.34573,0.95638,0.52551,0.92996
0.39899,0.96265,0.34428,0.92953
0.27402,0.95717,0.33951,0.92713
0.33447,0.95255,0.32989,0.91537
0.21996,0.9318,0.55016,0.94687
0.35466,0.95965,0.36952,0.92067
0.26704,0.94612,0.32524,0.92389
0.32206,0.93595,0.50897,0.93678
0.30916,0.94667,0.46647,0.92767
0.22762,0.96305,0.40391,0.93963
0.32078,0.95516,0.4854,0.92544
0.19357,0.95152,0.63599,0.94992
0.19487,0.95411,0.43839,0.94988
0.36594,0.96412,0.27318,0.89755
0.1862,0.94067,0.42913,0.95293
0.37027,0.94626,0.24825,0.89539
0.1633,0.94911,0.70953,0.95615
0.40414,0.96134,0.28521,0.8966
0.32976,0.93712,0.68247,0.93749
0.39191,0.95407,0.36955,0.89915
0.21077,0.96225,0.61658,0.94086
0.34078,0.93303,0.42316,0.91237
0.19775,0.95134,0.51155,0.95574
0.26473,0.95878,0.41056,0.92384
0.26387,0.95667,0.42428,0.93062
0.24783,0.93778,0.45507,0.94398
0.26069,0.93749,0.52259,0.93727
0.26715,0.96446,0.40406,0.93252
0.1996,0.96117,0.39926,0.94526
0.28765,0.95888,0.42942,0.93539
0.22289,0.93053,0.53167,0.95133
0.34751,0.9586,0.3826,0.91291
0.2525,0.95593,0.40428,0.93859
0.27637,0.9581,0.49183,0.93348
0.34389,0.95636,0.35653,0.92174
0.28182,0.95269,0.37656,0.92843
0.38434,0.95127,0.32413,0.90789
0.26263,0.95302,0.46551,0.93772
0.3204,0.94929,0.38826,0.92225
0.29237,0.95427,0.46844,0.93199
0.32897,0.96623,0.35294,0.91772
0.18305,0.964,0.40608,0.94839
0.23753,0.96217,0.39792,0.94098
0.31543,0.96152,0.37495,0.92969
0.26203,0.95696,0.5387,0.94476
0.27943,0.9598,0.51009,0.94519
0.36997,0.96935,0.27329,0.90255
0.39202,0.93778,0.60894,0.93497
0.27372,0.95659,0.37128,0.93307
0.39606,0.94176,0.31742,0.90974
0.37741,0.94565,0.33736,0.92045
0.27136,0.94769,0.56956,0.94096
0.26441,0.96799,0.33137,0.93024
0.24867,0.96506,0.33359,0.9407
0.22574,0.94529,0.49351,0.95528
0.32684,0.95402,0.50085,0.93699
0.32843,0.95395,0.49556,0.92936
0.30659,0.93977,0.39029,0.93128
0.26286,0.95621,0.5179,0.94891
0.26385,0.96336,0.42571,0.93808
0.24239,0.93504,0.61996,0.95225
0.32883,0.95492,0.40893,0.91984
0.23775,0.96988,0.37075,0.94131
0.22836,0.9631,0.49985,0.94805
0.28679,0.95936,0.51907,0.93191
0.19893,0.95098,0.51963,0.95407
0.28277,0.97416,0.34304,0.92926
0.24257,0.95639,0.40757,0.94617
0.18358,0.95599,0.42158,0.94826
0.28583,0.93983,0.28611,0.92067
0.26393,0.95559,0.44658,0.9412
0.24938,0.96311,0.49461,0.94133
0.25004,0.95134,0.53114,0.94005
0.31722,0.95517,0.32319,0.90983
0.26435,0.95243,0.39112,0.93842
0.26009,0.96237,0.45089,0.94027
0.39148,0.9558,0.28648,0.90337
0.40092,0.95525,0.31808,0.90836
0.29751,0.95444,0.36672,0.93319
0.28468,0.95421,0.42865,0.93113
0.23742,0.96418,0.43717,0.94627
0.28749,0.94976,0.41471,0.92716
0.19405,0.97002,0.48681,0.947
0.2424,0.9698,0.3692,0.93769
0.1949,0.94681,0.39865,0.95361
0.21503,0.95406,0.49248,0.94748
0.22193,0.96218,0.41609,0.94768
0.259,0.94604,0.41137,0.94679
0.20691,0.95947,0.40041,0.93985
0.21374,0.95964,0.4781,0.94502
0.29421,0.95778,0.44143,0.92373
0.44103,0.93787,0.096433,0.85591
0.66696,0.90427,0.064373,0.78093
0.69016,0.88937,0.078757,0.80785
0.45112,0.92735,0.07803,0.82322
0.49505,0.90714,0.11335,0.84138
0.2536,0.97824,0.14634,0.8931
0.3514,0.9381,0.11188,0.87276
0.36873,0.93827,0.13059,0.8716
0.49551,0.92994,0.089867,0.83793
0.39056,0.91153,0.13631,0.84711
0.43649,0.90185,0.1177,0.84341
0.32032,0.95014,0.13488,0.86223
0.78466,0.8466,0.062452,0.74758
0.52653,0.85061,0.12561,0.82941
0.39292,0.86416,0.13758,0.84825
0.49274,0.89023,0.10601,0.82261
0.65406,0.92209,0.082269,0.83166
0.61115,0.93547,0.13132,0.84647
0.57898,0.9058,0.074971,0.81244
0.68199,0.87343,0.077718,0.80641
0.40227,0.94194,0.084604,0.84921
0.42923,0.92214,0.13489,0.86915
0.34179,0.9501,0.10292,0.87423
0.34355,0.9253,0.1769,0.88431
0.45025,0.94075,0.090685,0.84525
0.55822,0.8857,0.094749,0.81765
0.83927,0.87652,0.065704,0.77062
0.45151,0.92791,0.095326,0.86001
0.42637,0.93948,0.085296,0.84679
0.34076,0.91577,0.14802,0.87554
0.30186,0.95116,0.13761,0.90818
0.55693,0.84047,0.10826,0.80469
0.3148,0.89961,0.15941,0.88142
0.45691,0.85593,0.11728,0.83097
0.45954,0.92336,0.085413,0.82969
0.30594,0.9394,0.11039,0.86477
0.28868,0.86419,0.20611,0.89163
0.59431,0.87921,0.10719,0.81758
0.66513,0.88732,0.098607,0.81559
0.47898,0.91236,0.16049,0.85196
0.67741,0.82513,0.17507,0.81972
0.33592,0.91631,0.13833,0.86062
0.56036,0.91039,0.087436,0.81757
0.55316,0.9182,0.075131,0.8248
0.30576,0.93725,0.12732,0.88705
0.65802,0.82214,0.098679,0.80538
0.53673,0.9183,0.080508,0.84383
0.39706,0.86102,0.14796,0.84673
0.24486,0.95785,0.14389,0.92118
0.57998,0.92969,0.087929,0.82722
0.28498,0.96796,0.12004,0.89008
0.57034,0.91305,0.087566,0.83103
0.80746,0.79538,0.13346,0.78523
0.20037,0.95834,0.21044,0.92738
0.31595,0.94718,0.11423,0.8793
0.38059,0.94296,0.097246,0.86428
0.68237,0.85985,0.18809,0.82529
0.47678,0.9183,0.082097,0.82845
0.61777,0.86959,0.1017,0.79642
0.35824,0.92182,0.11301,0.85724
0.59386,0.89782,0.08588,0.81273
0.23924,0.95789,0.15651,0.92738
0.32425,0.9234,0.136,0.87832
1.1584,0.69681,0.063081,0.70234
0.43429,0.92418,0.13129,0.86394
0.28405,0.90799,0.24749,0.91044
0.42878,0.93836,0.085082,0.8614
0.44849,0.92947,0.076507,0.82244
0.27047,0.93868,0.12198,0.88155
0.56781,0.89953,0.080875,0.82969
0.21284,0.92479,0.33734,0.91201
0.7247,0.85622,0.081104,0.8016
0.56233,0.89388,0.081754,0.80267
0.79297,0.83872,0.097548,0.79429
0.36691,0.94709,0.09489,0.86899
0.48548,0.88894,0.10706,0.81537
0.39743,0.89788,0.11407,0.84776
0.68314,0.83227,0.094552,0.80281
0.55429,0.92156,0.10274,0.83449
0.22152,0.96561,0.16815,0.91332
0.51716,0.91883,0.083974,0.81211
0.80263,0.90145,0.076698,0.78155
0.28225,0.95672,0.12014,0.90112
0.71897,0.88042,0.073532,0.78202
0.32974,0.95009,0.20382,0.89974
0.24948,0.97672,0.16969,0.92249
0.28867,0.95943,0.21566,0.90941
0.46931,0.89259,0.09431,0.82903
0.51985,0.88038,0.10525,0.82335
0.4077,0.94208,0.1513,0.87847
0.28528,0.948,0.16232,0.91365
0.20791,0.97429,0.12327,0.92909
0.35285,0.9482,0.18189,0.89092
0.34024,0.94638,0.16325,0.90015
0.53119,0.85763,0.11496,0.81976
0.39624,0.94314,0.16394,0.88022
0.28077,0.97508,0.16603,0.91274
0.35482,0.94511,0.098306,0.87168
0.25271,0.94838,0.16019,0.90596
0.3123,0.96344,0.24219,0.91185
0.11887,0.98533,0.28575,0.95829
0.16486,0.92628,0.21857,0.93208
0.141,0.91764,0.30218,0.94543
0.10996,0.94576,0.28479,0.95391
0.12502,0.98611,0.41228,0.96565
0.16018,0.96716,0.19969,0.93731
0.15144,0.97211,0.23748,0.94558
0.14318,0.97609,0.15147,0.93944
0.15414,0.91537,0.25104,0.9322
0.1003,0.9849,0.24209,0.96379
0.13088,0.95299,0.28669,0.94754
0.1162,0.98439,0.37884,0.96154
0.15578,0.97773,0.30929,0.93536
0.13536,0.96909,0.34801,0.95161
0.14817,0.97366,0.27465,0.93973
0.12943,0.9819,0.31309,0.95123
0.064685,0.9144,0.41553,0.97105
0.12757,0.98295,0.34386,0.9616
0.060376,0.94933,0.36056,0.97037
0.13433,0.95598,0.19935,0.93851
0.14776,0.91413,0.32517,0.93751
0.1159,0.96157,0.30624,0.94999
0.16943,0.95791,0.33452,0.94463
0.12255,0.98143,0.22616,0.95857
0.13358,0.92883,0.22526,0.93926
0.14083,0.98367,0.39732,0.96105
0.12088,0.94095,0.26703,0.9468
0.11565,0.98845,0.37828,0.96517
0.12055,0.98394,0.24142,0.96304
0.14243,0.95154,0.24113,0.93966
0.12755,0.95463,0.22305,0.94525
0.1059,0.98215,0.30767,0.95716
0.19391,0.97409,0.23061,0.93395
0.083609,0.9868,0.27345,0.96224
0.097733,0.93838,0.29943,0.9527
0.14857,0.959,0.24102,0.94011
0.12342,0.97781,0.22,0.94622
0.10867,0.91814,0.31654,0.95174
0.16221,0.97821,0.27043,0.9407
0.087102,0.95803,0.24563,0.95987
0.15531,0.92874,0.34505,0.93953
0.12943,0.98372,0.25387,0.95356
0.16903,0.98141,0.27136,0.94251
0.086622,0.92228,0.33832,0.95776
0.13165,0.98664,0.3649,0.95887
0.13701,0.95108,0.31648,0.94244
0.12788,0.93968,0.26372,0.94297
0.11225,0.98828,0.31635,0.96119
0.11518,0.976,0.31005,0.95047
0.15633,0.97161,0.42868,0.94824
0.062796,0.96002,0.36355,0.97264
0.13717,0.97802,0.27144,0.94881
0.15275,0.95744,0.2586,0.94464
0.14825,0.97167,0.35449,0.94999
0.2045,0.93457,0.15767,0.91346
0.14189,0.96669,0.38166,0.9466
0.11562,0.98725,0.46856,0.95911
0.074551,0.89255,0.41575,0.96679
0.10095,0.98788,0.43204,0.9702
0.09569,0.95823,0.46219,0.95868
0.086275,0.97579,0.47222,0.96337
0.21038,0.96834,0.37438,0.937
0.1139,0.93832,0.47844,0.96116
0.061908,0.92715,0.44492,0.97168
0.13046,0.964,0.49167,0.95405
0.13416,0.97077,0.41059,0.94408
0.1469,0.9724,0.25429,0.94032
0.12736,0.95719,0.21083,0.94756
0.15687,0.9144,0.29852,0.93727
0.13564,0.91274,0.27273,0.94077
0.20334,0.97469,0.23015,0.94619
0.24317,0.96587,0.31565,0.93125
0.15561,0.92128,0.21091,0.92928
0.17503,0.91972,0.21009,0.92335
0.12418,0.96741,0.2016,0.95084
0.18458,0.97736,0.31925,0.94706
0.14478,0.95024,0.21973,0.94999
0.066922,0.94644,0.48136,0.9771
0.079218,0.95835,0.48652,0.97616
0.077686,0.98818,0.26851,0.96731
0.12459,0.94642,0.2306,0.95689
0.067586,0.96921,0.38105,0.97153
0.082639,0.9606,0.32416,0.96611
0.23045,0.92695,0.16551,0.92075
0.13779,0.97226,0.44391,0.95746
0.26062,0.9644,0.30698,0.92934
0.19244,0.92832,0.28204,0.92593
0.23247,0.95381,0.21018,0.91623
0.14023,0.92089,0.42299,0.9538
0.33767,0.95053,0.14669,0.89149
0.31932,0.90493,0.16267,0.88069
0.11878,0.90945,0.37927,0.94515
0.13744,0.97865,0.22256,0.94212
0.29548,0.88994,0.18143,0.88379
0.16098,0.95652,0.1472,0.92815
0.1339,0.93411,0.21714,0.93537
0.10369,0.93455,0.30713,0.9518
0.15089,0.93136,0.26237,0.93813
0.20016,0.95204,0.18115,0.91805
0.23522,0.91066,0.20711,0.90083
0.51173,0.90298,0.14858,0.82646
0.50297,0.86715,0.10079,0.81135
0.66541,0.80684,0.085385,0.76042
0.58871,0.80267,0.11284,0.77861
0.35561,0.87424,0.21833,0.87233
0.78707,0.85148,0.068419,0.75069
0.52562,0.81405,0.11406,0.80445
0.5091,0.81503,0.16176,0.8303
0.76981,0.8095,0.075692,0.75818
0.36143,0.93573,0.22695,0.88385
0.35017,0.93531,0.16778,0.88681
0.59179,0.80513,0.13124,0.80593
0.64939,0.85663,0.088345,0.78362
0.44507,0.88896,0.1359,0.81742
0.24587,0.94501,0.16236,0.91357
0.25059,0.92809,0.23606,0.91616
0.57026,0.88461,0.1123,0.82272
0.54559,0.93878,0.12614,0.84339
0.50619,0.83503,0.11537,0.80027
0.54065,0.84162,0.15691,0.8297
0.68158,0.74731,0.10992,0.75621
0.30028,0.93874,0.13832,0.88709
0.31345,0.91313,0.21503,0.88836
0.54037,0.88585,0.14943,0.85491
0.35208,0.92631,0.1588,0.8776
0.58714,0.8805,0.10268,0.80815
0.53997,0.86089,0.11635,0.82074
0.38239,0.83264,0.13689,0.83704
0.60333,0.79544,0.10555,0.77926
0.62984,0.85583,0.10274,0.80797
0.43692,0.90492,0.12783,0.83006
0.42792,0.89772,0.1159,0.83569
0.50648,0.83706,0.12911,0.80033
0.16425,0.95402,0.22129,0.93497
0.58964,0.86726,0.1383,0.81639
0.4157,0.90096,0.12308,0.83332
0.44454,0.91055,0.11676,0.83165
0.40033,0.88962,0.11578,0.83753
0.3725,0.85373,0.17893,0.84762
0.61879,0.8479,0.14262,0.81074
0.31295,0.92733,0.16873,0.87034
0.51029,0.74611,0.1532,0.79856
0.40497,0.85874,0.15175,0.82833
0.55973,0.80269,0.20295,0.81549
0.46354,0.83471,0.16392,0.84097
0.54284,0.84647,0.14731,0.82763
0.35922,0.8099,0.19532,0.85308
0.64795,0.83639,0.12382,0.79056
0.35123,0.82398,0.1525,0.84651
0.45338,0.83913,0.16173,0.83562
0.54485,0.78221,0.15346,0.8138
0.51179,0.82476,0.13393,0.79838
0.46289,0.85259,0.18997,0.8419
0.46415,0.86198,0.18569,0.85653
0.53815,0.89047,0.09576,0.8337
0.78236,0.80349,0.11851,0.77971
0.57685,0.80978,0.16137,0.82405
0.35866,0.74776,0.19294,0.84069
0.57211,0.85613,0.14377,0.81873
0.41046,0.90225,0.14444,0.84303
0.50722,0.77822,0.1782,0.81516
0.84349,0.76889,0.092208,0.76754
0.44536,0.78893,0.16009,0.82028
0.55679,0.79989,0.12548,0.79356
0.71623,0.84689,0.1074,0.79246
0.57854,0.84744,0.14115,0.84833
0.45373,0.82483,0.16019,0.83134
0.53143,0.85074,0.10836,0.79344
0.61663,0.76564,0.1843,0.79366
0.49412,0.83095,0.12207,0.80526
0.46864,0.79292,0.17195,0.81516
0.28862,0.92289,0.23879,0.88058
0.48198,0.85942,0.11879,0.80682
0.41769,0.81638,0.146,0.82554
0.50661,0.75475,0.15937,0.79967
0.65349,0.9041,0.080339,0.8269
0.768,0.78958,0.10066,0.77472
0.63948,0.82347,0.12119,0.80662
0.70368,0.79932,0.19725,0.82273
0.48983,0.87404,0.14309,0.84045
0.69457,0.6754,0.16761,0.78073
0.43287,0.86722,0.14754,0.8326
0.60366,0.8792,0.10388,0.83278
0.72944,0.86308,0.089642,0.78901
0.28637,0.92781,0.20902,0.88039
0.21853,0.88048,0.20998,0.89834
0.48327,0.84569,0.12737,0.80876
0.38699,0.91631,0.156,0.87248
0.78338,0.82314,0.11522,0.77678
0.633,0.75237,0.14485,0.77872
0.76457,0.78044,0.12086,0.78517
0.51378,0.79974,0.14042,0.80204
0.372,0.89662,0.15964,0.84503
0.6346,0.84378,0.11645,0.81435
0.4504,0.91066,0.12101,0.85983
0.51336,0.81357,0.11711,0.79388
0.39284,0.81226,0.19575,0.84863
0.43848,0.82022,0.12982,0.82505
0.58737,0.86968,0.12512,0.80004
0.42117,0.86143,0.17042,0.83163
0.77696,0.89764,0.073116,0.80691
0.56092,0.94106,0.10353,0.84322
0.39334,0.9439,0.094974,0.85725
0.31998,0.94157,0.10872,0.86205
0.54401,0.88031,0.17912,0.8621
0.45459,0.89777,0.15693,0.85606
0.26317,0.962,0.10204,0.8916
0.18044,0.96922,0.18071,0.92963
0.13485,0.98462,0.20744,0.94503
0.74053,0.87337,0.13308,0.81914
0.13223,0.97459,0.35348,0.94645
0.29047,0.95405,0.22226,0.90742
0.36832,0.90043,0.1728,0.86646
0.33484,0.93287,0.16419,0.87518
0.29392,0.96669,0.096519,0.88901
0.53141,0.92823,0.11642,0.88047
0.20516,0.97733,0.15678,0.92597
0.38428,0.93443,0.1998,0.89109
0.43617,0.95409,0.083649,0.85191
0.97455,0.79851,0.24474,0.79639
0.12383,0.97587,0.17855,0.94091
0.38128,0.9519,0.11175,0.87119
0.23892,0.96697,0.13377,0.91729
0.34006,0.91114,0.13548,0.87122
0.24865,0.96555,0.10131,0.89911
0.22118,0.97235,0.15021,0.91117
0.26789,0.96876,0.14114,0.90874
0.43211,0.95644,0.12186,0.88001
0.51051,0.8996,0.14059,0.87744
0.26011,0.96474,0.12334,0.89832
0.35261,0.90526,0.12613,0.86515
0.14027,0.98704,0.14773,0.9519
0.49461,0.94005,0.13686,0.88066
0.25852,0.95265,0.22937,0.91951
0.34902,0.9318,0.1339,0.91065
0.21354,0.96975,0.14668,0.93228
0.20405,0.98021,0.14561,0.91572
0.53614,0.86612,0.10754,0.83242
0.36992,0.95803,0.10604,0.87331
0.28738,0.94585,0.20691,0.90034
0.56077,0.93074,0.080158,0.8453
1.1642,0.89767,0.077942,0.79747
0.19157,0.967,0.16776,0.92008
0.24446,0.97844,0.16401,0.9043
0.63396,0.90114,0.19479,0.85223
0.41735,0.90568,0.11476,0.84506
0.15381,0.9449,0.31947,0.93767
0.5368,0.92951,0.15035,0.86836
0.37905,0.92299,0.21925,0.87518
0.59163,0.93182,0.097573,0.85049
0.12155,0.98274,0.15318,0.94142
0.43852,0.95277,0.096259,0.84967
0.15775,0.9856,0.13959,0.94654
0.3028,0.94118,0.18003,0.89892
0.6933,0.91257,0.11065,0.81727
0.59058,0.92836,0.082635,0.83137
0.32436,0.93108,0.15322,0.89368
0.33654,0.96549,0.17744,0.89904
0.38535,0.93743,0.10828,0.8717
0.61235,0.91615,0.085156,0.84025
0.37553,0.94107,0.092307,0.86963
0.39432,0.93578,0.12965,0.86916
0.34646,0.93634,0.10575,0.88992
0.27732,0.94446,0.14883,0.89562
0.44371,0.93599,0.081392,0.84528
0.087643,0.98464,0.36584,0.96313
0.23261,0.96941,0.14908,0.90161
0.12694,0.97968,0.27651,0.9467
0.14685,0.98452,0.17446,0.94408
0.50462,0.94555,0.13509,0.85596
0.42586,0.89583,0.12438,0.84955
0.33064,0.92788,0.12094,0.88799
0.72914,0.89831,0.16805,0.83022
0.38662,0.9494,0.092846,0.88134
0.27937,0.9567,0.11062,0.8851
0.45082,0.85483,0.15726,0.86787
0.6493,0.85573,0.17806,0.84691
0.48929,0.93913,0.086161,0.85336
0.26216,0.93975,0.13123,0.89695
0.63027,0.91698,0.079221,0.83334
0.48533,0.92012,0.11055,0.87952
0.42794,0.92957,0.10278,0.8795
0.49642,0.83319,0.14255,0.82004
0.49443,0.88629,0.11021,0.84329
0.06152,0.99321,0.13617,0.97207
1.3347,0.87227,0.069836,0.76057
0.27344,0.93702,0.13794,0.88774
0.56148,0.93138,0.076803,0.80538
0.14693,0.92385,0.21742,0.92936
0.50484,0.88815,0.12759,0.8566
0.24359,0.97664,0.11355,0.90724
0.48082,0.90993,0.090414,0.839
0.4351,0.85599,0.20852,0.89079
0.57387,0.92518,0.12187,0.85229
0.22754,0.94455,0.13458,0.91091
0.41488,0.91852,0.10055,0.84917
0.72699,0.90036,0.075805,0.79398
0.33711,0.88862,0.16447,0.89804
0.44462,0.91215,0.10615,0.83262
0.27522,0.95163,0.10599,0.88402
0.72364,0.90435,0.057513,0.77242
0.34649,0.94889,0.10474,0.87756
0.24336,0.97001,0.16271,0.90617
0.98702,0.91345,0.095993,0.82621
0.35804,0.97197,0.12558,0.88559
0.76597,0.90946,0.083111,0.81553
0.83415,0.87778,0.066496,0.7803
0.46614,0.93018,0.087656,0.84586
0.39704,0.92285,0.11071,0.85815
0.45461,0.94216,0.12366,0.8752
0.84084,0.88868,0.076158,0.80776
0.63521,0.93236,0.09815,0.81876
0.36662,0.94146,0.10761,0.90138
0.65359,0.91946,0.26961,0.87535
0.7828,0.86781,0.073614,0.80756
0.41975,0.92436,0.091982,0.85791
0.50179,0.93291,0.11224,0.83491
0.52281,0.89036,0.098714,0.83905
0.83847,0.88861,0.15579,0.82322
0.60316,0.91584,0.070316,0.81699
0.84425,0.88294,0.069985,0.81751
0.68685,0.87942,0.13198,0.84446
0.69902,0.90824,0.076473,0.81339
0.54153,0.92814,0.12106,0.84666
0.71488,0.88827,0.14181,0.82848
0.4525,0.93876,0.17649,0.8762
0.53431,0.93096,0.082398,0.83799
0.56912,0.92888,0.087101,0.83112
0.4701,0.92775,0.28184,0.89989
0.47729,0.9472,0.17376,0.8706
0.69087,0.90307,0.067322,0.78306
0.50004,0.94112,0.1058,0.84288
0.45722,0.91081,0.087679,0.83814
0.36551,0.95158,0.088689,0.87783
0.91568,0.87544,0.06743,0.78102
0.62663,0.87083,0.11492,0.81555
0.48662,0.93032,0.079845,0.85087
0.62687,0.92103,0.088579,0.83455
0.30513,0.94834,0.12018,0.8962
0.7421,0.89766,0.067569,0.78845
0.50236,0.92382,0.10993,0.8544
0.36534,0.94565,0.085578,0.856
0.55946,0.90109,0.071234,0.80089
0.64131,0.84984,0.2229,0.84201
0.6348,0.91834,0.087097,0.8402
0.67638,0.90763,0.065687,0.8033
0.83972,0.90561,0.075533,0.77976
0.35625,0.95092,0.1167,0.89335
0.24634,0.94684,0.20425,0.91546
0.43265,0.94137,0.173,0.86785
0.2767,0.9516,0.21979,0.90573
0.44973,0.92089,0.24295,0.87937
0.28178,0.91926,0.31139,0.90352
0.48704,0.91019,0.23949,0.8767
0.77746,0.89779,0.18057,0.83663
0.76825,0.91736,0.12797,0.83125
1.02,0.87243,0.081981,0.7753
0.43371,0.92879,0.08733,0.85761
0.35401,0.95443,0.19719,0.89694
0.37188,0.95278,0.24618,0.89921
0.51206,0.93749,0.084347,0.85427
0.30097,0.96592,0.21857,0.89991
0.48811,0.93988,0.083497,0.85856
0.38436,0.94652,0.21025,0.86925
0.42138,0.89446,0.18389,0.84676
0.72035,0.91499,0.1352,0.83251
0.65994,0.89555,0.085569,0.81645
0.36927,0.94524,0.088458,0.8643
0.54799,0.89748,0.15423,0.86676
0.96782,0.92171,0.21125,0.84884
0.54444,0.90897,0.25206,0.84603
0.55458,0.87085,0.1047,0.82927
0.25265,0.9588,0.16896,0.90401
0.69696,0.90447,0.21333,0.8479
0.66847,0.90014,0.072444,0.81951
0.6258,0.89482,0.095559,0.82244
0.79915,0.88537,0.068188,0.78181
0.45858,0.93723,0.077849,0.84521
0.62691,0.89598,0.11403,0.81498
0.49705,0.91246,0.15655,0.84649
0.26327,0.95002,0.11764,0.90222
0.81433,0.87981,0.10498,0.79416
0.4161,0.94584,0.25303,0.88728
0.53674,0.89142,0.27748,0.86036
0.31463,0.93897,0.11445,0.88398
0.71381,0.88462,0.073073,0.80014
0.61386,0.91822,0.10458,0.82516
0.33911,0.91361,0.12148,0.87278
0.62881,0.90234,0.077914,0.81916
0.67863,0.89402,0.067258,0.80138
0.45066,0.92519,0.090001,0.84863
0.68319,0.91788,0.090829,0.83531
0.68084,0.91397,0.063834,0.80183
0.67988,0.93667,0.085791,0.82783
0.60521,0.92397,0.16556,0.86207
0.34171,0.9654,0.13911,0.88853
0.44268,0.94658,0.10485,0.87381
0.4322,0.93673,0.18117,0.88601
0.84738,0.88692,0.1674,0.81464
0.53404,0.93481,0.083048,0.83743
