0.12097,0.1722,0.14215,0.32121,0.68714,0.42828,0.20649,0.18171,0.17419,0.26598
0.025959,0.08374,0.058605,0.23124,0.76076,0.54121,0.13607,0.10899,0.15436,0.09754
0.095154,0.24815,0.13277,0.27392,0.68705,0.38635,0.174,0.25583,0.22905,0.25926
0.088863,0.17356,0.1141,0.30553,0.66019,0.48058,0.19148,0.20674,0.22724,0.24035
0.13332,0.31442,0.15734,0.28929,0.56043,0.3691,0.20883,0.32288,0.25921,0.33099
0.1275,0.26558,0.16238,0.29716,0.6695,0.33946,0.19506,0.27168,0.20484,0.28507
0.091639,0.20553,0.14176,0.30934,0.71155,0.39639,0.18971,0.21235,0.19227,0.22824
0.045807,0.11464,0.089203,0.28022,0.78123,0.4157,0.15637,0.13689,0.23138,0.13576
0.22005,0.25717,0.19457,0.3087,0.49215,0.33373,0.21246,0.2681,0.30124,0.43696
0.036856,0.097006,0.060616,0.22263,0.78091,0.50693,0.13799,0.12264,0.1464,0.11696
0.049216,0.14024,0.091822,0.27003,0.81264,0.39354,0.15222,0.15654,0.12202,0.13689
0.18257,0.23861,0.17042,0.31321,0.58048,0.3623,0.2092,0.24681,0.26312,0.37479
0.056915,0.147,0.09285,0.25738,0.8056,0.3903,0.15307,0.16208,0.14837,0.16504
0.19808,0.25935,0.17265,0.31868,0.54994,0.3263,0.19611,0.26645,0.28039,0.40639
0.14829,0.28961,0.18524,0.31265,0.54372,0.37591,0.23631,0.29451,0.25927,0.33961
0.095526,0.15755,0.11795,0.32501,0.69604,0.44243,0.18832,0.18382,0.20095,0.23801
0.13884,0.19139,0.16707,0.35069,0.55669,0.44716,0.23947,0.22124,0.27899,0.31499
0.11204,0.22646,0.15829,0.34058,0.60722,0.39915,0.23324,0.2443,0.26508,0.28763
0.075338,0.15314,0.082197,0.24046,0.66404,0.44109,0.13499,0.18256,0.42803,0.18983
0.1457,0.30023,0.20304,0.33083,0.56109,0.3482,0.22757,0.31366,0.21698,0.32349
0.07743,0.1357,0.11368,0.32085,0.74774,0.4152,0.16947,0.16243,0.18738,0.19496
0.057471,0.09473,0.09477,0.30589,0.757,0.46756,0.17016,0.12523,0.16227,0.15015
0.055628,0.16968,0.096861,0.25564,0.81416,0.36616,0.14396,0.18184,0.14356,0.14852
0.14487,0.19012,0.15332,0.33109,0.62804,0.40665,0.20557,0.21689,0.25441,0.30969
0.040381,0.10975,0.08365,0.2673,0.70113,0.42955,0.13667,0.14001,0.42302,0.12059
0.09459,0.22234,0.14058,0.29269,0.74256,0.35794,0.17386,0.22731,0.16687,0.21662
0.12713,0.16275,0.11625,0.29651,0.69806,0.415,0.17252,0.18783,0.2441,0.2679
0.039854,0.10048,0.071706,0.23314,0.76444,0.50612,0.14457,0.13098,0.18853,0.12121
0.14949,0.26972,0.18078,0.31216,0.44503,0.383,0.23747,0.29024,0.41269,0.34509
0.057276,0.15381,0.089921,0.26805,0.7428,0.44967,0.16414,0.18228,0.23156,0.15931
0.14507,0.28772,0.1913,0.3286,0.59296,0.35866,0.23319,0.28368,0.19257,0.31532
0.16297,0.30052,0.17121,0.29229,0.61883,0.31013,0.19238,0.29992,0.21671,0.3396
0.056873,0.14615,0.099424,0.28275,0.77825,0.39334,0.15385,0.16901,0.20997,0.1699
0.10216,0.13666,0.10499,0.31033,0.68535,0.50393,0.19658,0.1559,0.16249,0.22488
0.13857,0.192,0.15571,0.34118,0.66535,0.40024,0.21117,0.19986,0.18127,0.28812
0.15002,0.20992,0.13776,0.29691,0.56516,0.42516,0.20197,0.24623,0.33456,0.33582
0.034394,0.10481,0.069028,0.25728,0.78807,0.46544,0.14478,0.13133,0.15908,0.12515
0.064018,0.1599,0.10828,0.28776,0.79315,0.37239,0.1631,0.17104,0.14592,0.17575
0.05732,0.12362,0.086555,0.24785,0.74629,0.47245,0.15235,0.15249,0.24721,0.15743
0.050324,0.14143,0.081792,0.26371,0.75615,0.44579,0.16006,0.17247,0.21543,0.1702
0.038874,0.12293,0.076917,0.26161,0.76773,0.45839,0.15481,0.14652,0.20856,0.14342
0.059156,0.16431,0.095521,0.28639,0.73604,0.44178,0.177,0.17984,0.20985,0.18364
0.060831,0.14554,0.1006,0.27771,0.75019,0.44047,0.16474,0.16424,0.21884,0.17051
0.12176,0.17043,0.11733,0.29518,0.58451,0.45882,0.18694,0.21741,0.38621,0.26776
0.048198,0.12302,0.067317,0.26774,0.58443,0.56664,0.1887,0.18655,0.37685,0.17682
0.059086,0.12596,0.083771,0.25067,0.71709,0.47844,0.14419,0.16297,0.30863,0.15833
0.063184,0.13038,0.084881,0.25102,0.64227,0.49083,0.1551,0.1608,0.42207,0.16527
0.17795,0.22968,0.17697,0.33363,0.59295,0.36533,0.21412,0.24044,0.2298,0.36254
0.13852,0.17339,0.13426,0.33054,0.64006,0.42551,0.19715,0.2026,0.24931,0.30108
0.081359,0.22171,0.11664,0.27961,0.74222,0.36672,0.15683,0.24498,0.17337,0.22892
0.13585,0.18764,0.16361,0.33988,0.62303,0.42685,0.2204,0.20741,0.21901,0.30679
0.14628,0.29734,0.16547,0.29507,0.6325,0.31097,0.19259,0.30115,0.22151,0.31959
0.12724,0.275,0.15708,0.30055,0.6634,0.35044,0.20077,0.27666,0.18041,0.28439
0.18742,0.24665,0.17664,0.3129,0.54872,0.36975,0.21443,0.25518,0.28058,0.38379
0.086479,0.18865,0.11969,0.28869,0.7258,0.40256,0.18013,0.2052,0.22065,0.2172
0.058319,0.15151,0.0915,0.2569,0.78502,0.41297,0.14599,0.16675,0.18687,0.16861
0.090901,0.20979,0.14331,0.3125,0.72885,0.37393,0.18919,0.21267,0.16649,0.22302
0.059659,0.15154,0.091511,0.24605,0.68406,0.37121,0.14373,0.16893,0.47556,0.15319
0.1703,0.22047,0.16457,0.31863,0.5956,0.38489,0.22105,0.2381,0.2421,0.35601
0.078487,0.17661,0.11328,0.28598,0.77749,0.37186,0.15879,0.18506,0.1625,0.19848
0.092038,0.21859,0.14972,0.32272,0.70638,0.36934,0.19558,0.23004,0.19303,0.23102
0.24526,0.26562,0.21009,0.30494,0.45553,0.30844,0.2221,0.27946,0.29382,0.46451
0.046823,0.11942,0.086256,0.28521,0.75791,0.45334,0.16924,0.14238,0.2141,0.14167
0.16515,0.22753,0.16273,0.35221,0.55436,0.37807,0.18652,0.25816,0.31084,0.34945
0.091843,0.21245,0.13281,0.29709,0.74735,0.35779,0.16942,0.21984,0.17069,0.21871
0.085847,0.15764,0.087315,0.27015,0.44147,0.48817,0.1811,0.22967,0.55229,0.25178
0.12714,0.17247,0.13644,0.32816,0.58174,0.41139,0.19169,0.20855,0.3967,0.28724
0.052241,0.13415,0.082135,0.25751,0.79412,0.42507,0.15307,0.15237,0.15999,0.15052
0.071002,0.19661,0.10086,0.25352,0.7279,0.43808,0.1624,0.21121,0.22034,0.20144
0.14923,0.2008,0.15035,0.32592,0.52489,0.42337,0.21814,0.23962,0.3625,0.34267
0.12289,0.26456,0.20069,0.35072,0.59731,0.38893,0.25071,0.26238,0.17404,0.28564
0.14417,0.23115,0.15139,0.31923,0.57572,0.43549,0.22465,0.25381,0.22956,0.33507
0.19831,0.2327,0.14235,0.29737,0.57094,0.35129,0.17577,0.24682,0.31228,0.39889
0.10009,0.19208,0.13246,0.32859,0.52624,0.49732,0.22948,0.23882,0.34696,0.27061
0.032317,0.10357,0.075813,0.26628,0.70575,0.54007,0.18217,0.14036,0.22753,0.13103
0.10428,0.15417,0.14014,0.34173,0.71477,0.40913,0.19537,0.16881,0.16662,0.2371
0.13128,0.1606,0.13906,0.34731,0.68655,0.38801,0.18074,0.18624,0.21834,0.283
0.12395,0.16795,0.1305,0.31768,0.7266,0.38748,0.1741,0.17569,0.17371,0.26275
0.15472,0.21476,0.15447,0.31564,0.583,0.38992,0.21016,0.2407,0.30375,0.34664
0.038886,0.10605,0.046411,0.27799,0.40015,0.61658,0.19254,0.21348,0.51508,0.13988
0.15858,0.20033,0.13701,0.31591,0.66524,0.36974,0.18361,0.21721,0.23419,0.31806
0.079306,0.18711,0.11868,0.27777,0.71299,0.40232,0.17353,0.2097,0.28122,0.20992
0.088909,0.22269,0.13633,0.29492,0.74369,0.34345,0.17126,0.22573,0.1805,0.2303
0.035372,0.11603,0.07775,0.25451,0.78835,0.44594,0.14009,0.13552,0.20261,0.12275
0.10282,0.21285,0.14418,0.31314,0.67728,0.38954,0.19884,0.23002,0.23249,0.26142
0.072341,0.20319,0.11115,0.29086,0.73632,0.39244,0.17585,0.21022,0.21878,0.19331
0.20481,0.23332,0.18047,0.31415,0.47735,0.39192,0.23002,0.25961,0.32408,0.40689
0.20147,0.24834,0.18262,0.33474,0.53062,0.32479,0.19775,0.25969,0.30399,0.40785
0.19961,0.23465,0.17058,0.30717,0.46216,0.41864,0.20951,0.27074,0.32783,0.41004
0.15723,0.29283,0.18914,0.32093,0.58357,0.31794,0.20965,0.30307,0.22708,0.34894
0.14787,0.3051,0.16662,0.29514,0.60536,0.33699,0.21364,0.29453,0.22047,0.3304
0.082508,0.19455,0.11605,0.2798,0.76231,0.37103,0.17005,0.20258,0.17569,0.20971
0.040172,0.10344,0.070598,0.22615,0.78565,0.49402,0.14392,0.12988,0.13005,0.12552
0.067213,0.17256,0.10646,0.2716,0.78716,0.38335,0.15256,0.18973,0.1565,0.17393
0.084091,0.23864,0.10447,0.25845,0.75337,0.36404,0.15549,0.2452,0.17884,0.20468
0.089588,0.13827,0.096945,0.2982,0.57989,0.50865,0.16946,0.20407,0.40361,0.21511
0.11898,0.16619,0.12827,0.32467,0.70535,0.40316,0.19109,0.18669,0.18308,0.26724
0.044931,0.12085,0.088773,0.24673,0.82384,0.40892,0.14172,0.13595,0.11198,0.13258
0.069171,0.2045,0.11579,0.27153,0.78048,0.36497,0.17336,0.20708,0.12651,0.18699
0.080918,0.2127,0.12273,0.29538,0.73426,0.381,0.17811,0.22301,0.19313,0.20698
0.11767,0.27325,0.13631,0.29697,0.63994,0.3634,0.18764,0.28297,0.23518,0.3042
0.15482,0.19081,0.099739,0.25466,0.36622,0.59366,0.2065,0.2708,0.39322,0.32813
0.079554,0.16018,0.11692,0.33462,0.48043,0.50542,0.21193,0.23028,0.45759,0.22085
0.14279,0.21513,0.12398,0.26102,0.4226,0.5023,0.20772,0.25966,0.43508,0.34505
0.16481,0.27078,0.18167,0.32193,0.41786,0.40681,0.26802,0.29713,0.32286,0.39802
0.09003,0.13456,0.10561,0.29349,0.69817,0.48121,0.18932,0.17231,0.20381,0.22457
0.097562,0.19041,0.11325,0.31869,0.37008,0.58057,0.2358,0.24396,0.41343,0.28243
0.11802,0.20279,0.12651,0.28588,0.38968,0.54936,0.19324,0.24457,0.47931,0.2582
0.13557,0.22146,0.18728,0.34941,0.59468,0.38724,0.2492,0.2359,0.22523,0.32145
0.23885,0.27325,0.17513,0.26984,0.36491,0.33013,0.2117,0.27899,0.41926,0.47352
0.12634,0.22206,0.15599,0.32204,0.46538,0.42677,0.21924,0.26682,0.4457,0.30011
0.16019,0.21019,0.11555,0.26294,0.37707,0.52046,0.19704,0.28793,0.43878,0.34693
0.084143,0.18879,0.10634,0.30085,0.45544,0.50267,0.21228,0.24946,0.48165,0.23682
0.12909,0.20404,0.18397,0.38017,0.52405,0.44891,0.25012,0.23349,0.27673,0.30581
0.16017,0.28704,0.18528,0.31621,0.52074,0.36282,0.22297,0.30217,0.29278,0.3579
0.11003,0.21245,0.14625,0.33104,0.56689,0.46251,0.2445,0.24642,0.27386,0.28462
0.13375,0.23472,0.15754,0.32453,0.48778,0.4207,0.21233,0.26903,0.40328,0.31916
0.13315,0.20987,0.16306,0.33431,0.42178,0.46434,0.22785,0.25895,0.43789,0.30928
0.12639,0.21583,0.16997,0.36705,0.56834,0.42989,0.25721,0.23635,0.21662,0.31156
0.12888,0.23873,0.1603,0.31615,0.38358,0.4286,0.22755,0.27967,0.48238,0.32745
0.10439,0.20725,0.14082,0.34136,0.43238,0.47523,0.26817,0.25312,0.40256,0.31457
0.12338,0.21464,0.1341,0.29033,0.39431,0.41347,0.22524,0.25365,0.53934,0.32255
0.111,0.20039,0.14968,0.34352,0.5324,0.45573,0.24875,0.23914,0.3337,0.29251
0.099361,0.21129,0.16909,0.37608,0.56617,0.44024,0.27709,0.2301,0.20359,0.29986
0.089577,0.17386,0.12498,0.32601,0.58376,0.47489,0.21274,0.21546,0.35136,0.2417
0.078239,0.16965,0.1236,0.33865,0.5024,0.49624,0.23555,0.22262,0.41436,0.24442
0.04104,0.094814,0.057029,0.28462,0.2092,0.54005,0.17076,0.23722,0.68036,0.14602
0.10486,0.21769,0.14441,0.33425,0.49528,0.49727,0.27708,0.24771,0.28442,0.31214
0.12164,0.24479,0.14425,0.31181,0.55339,0.42238,0.22759,0.27464,0.29722,0.32717
0.13128,0.23438,0.16593,0.3481,0.47377,0.4557,0.27177,0.26107,0.31208,0.32802
0.086426,0.16211,0.063181,0.22704,0.46975,0.64707,0.17701,0.23629,0.34802,0.25112
0.062953,0.15325,0.086595,0.32611,0.44501,0.57013,0.25767,0.2318,0.40292,0.23057
0.10336,0.2144,0.1048,0.26085,0.44602,0.48119,0.1781,0.26848,0.51172,0.26114
0.10058,0.2054,0.13259,0.3278,0.49297,0.50325,0.26698,0.25846,0.32057,0.29247
0.1569,0.24474,0.21266,0.35731,0.5104,0.41536,0.27622,0.24691,0.22296,0.35013
0.056623,0.14403,0.083683,0.28696,0.47805,0.50377,0.16365,0.21657,0.54681,0.17806
0.096762,0.19014,0.12399,0.33607,0.48197,0.51578,0.25494,0.23665,0.36661,0.26916
0.060834,0.15051,0.078604,0.29612,0.42206,0.53957,0.21099,0.23612,0.51335,0.21613
0.052867,0.10706,0.081909,0.26194,0.25443,0.51506,0.1611,0.19806,0.69858,0.16494
0.1743,0.28115,0.18914,0.31796,0.46409,0.40881,0.27688,0.28435,0.25628,0.3847
0.15892,0.26928,0.17182,0.31533,0.54477,0.37547,0.22868,0.27844,0.26386,0.36889
0.075065,0.14597,0.10387,0.30789,0.36601,0.56954,0.19597,0.22592,0.52854,0.20086
0.09595,0.176,0.12048,0.32883,0.43109,0.54103,0.23026,0.24473,0.43362,0.24018
0.043093,0.11137,0.065565,0.3114,0.43254,0.64977,0.25347,0.19582,0.37771,0.17298
0.13682,0.23272,0.16815,0.30512,0.49969,0.43811,0.23038,0.25162,0.39509,0.3027
0.094207,0.19327,0.15631,0.36101,0.55358,0.48678,0.27021,0.21291,0.23498,0.28644
0.13748,0.23974,0.17852,0.34335,0.43378,0.44905,0.27504,0.25891,0.3462,0.3486
0.14241,0.25677,0.14645,0.29239,0.51856,0.43751,0.21021,0.28395,0.34692,0.31839
0.10433,0.19316,0.12262,0.31092,0.4347,0.54518,0.25762,0.24326,0.38916,0.27735
0.1041,0.18426,0.096499,0.29273,0.38007,0.52455,0.18315,0.29117,0.5016,0.26587
0.078902,0.17373,0.11688,0.3496,0.55241,0.49819,0.24615,0.24258,0.31404,0.23729
0.081163,0.16291,0.10396,0.30919,0.42969,0.49875,0.19745,0.22966,0.53208,0.22856
0.18511,0.28208,0.15807,0.2809,0.41682,0.37418,0.26838,0.30786,0.31586,0.44939
0.14103,0.30614,0.16074,0.29928,0.63632,0.32103,0.20006,0.29501,0.19511,0.31288
0.15663,0.22757,0.15176,0.30821,0.45566,0.44179,0.21788,0.28468,0.39474,0.34425
0.17479,0.25898,0.13409,0.272,0.33188,0.4267,0.2477,0.31328,0.41551,0.43133
0.072256,0.15278,0.0708,0.24046,0.35918,0.49217,0.17505,0.22116,0.64555,0.20267
0.08141,0.19296,0.12465,0.33884,0.46245,0.49333,0.22642,0.25251,0.43101,0.26032
0.10379,0.18824,0.13635,0.32357,0.44679,0.49892,0.24181,0.24493,0.43105,0.27875
0.12716,0.19305,0.14902,0.31343,0.33439,0.4469,0.2109,0.25598,0.56445,0.29323
0.14222,0.27175,0.16779,0.32483,0.56436,0.3973,0.2265,0.2755,0.23054,0.33994
0.041352,0.1124,0.062156,0.24034,0.39213,0.5017,0.16202,0.19132,0.65793,0.15111
0.048664,0.11949,0.070998,0.30061,0.41416,0.6108,0.21365,0.22465,0.47333,0.15227
0.11113,0.23839,0.10837,0.25201,0.54672,0.50255,0.20287,0.26307,0.28867,0.33229
0.17193,0.27367,0.20978,0.34803,0.44036,0.39038,0.29029,0.28117,0.25182,0.39669
0.10491,0.19503,0.13811,0.31569,0.42661,0.47944,0.2511,0.2348,0.45893,0.3026
0.10372,0.20601,0.14174,0.32132,0.45251,0.44984,0.23496,0.25091,0.46519,0.28597
0.15044,0.26655,0.20493,0.36375,0.50028,0.38609,0.26427,0.27301,0.24263,0.35974
0.1074,0.19112,0.10792,0.2061,0.27788,0.31681,0.13773,0.2291,0.76712,0.24558
0.095353,0.16623,0.090233,0.20196,0.26919,0.34993,0.12686,0.2192,0.77771,0.22463
0.15306,0.25818,0.20051,0.34717,0.49128,0.40872,0.26534,0.27672,0.26952,0.34808
0.14731,0.25597,0.17129,0.327,0.46902,0.42046,0.24496,0.27854,0.34855,0.34737
0.11796,0.20301,0.1207,0.27567,0.44068,0.43985,0.18675,0.25799,0.53292,0.28497
0.081233,0.17201,0.1243,0.31261,0.45195,0.45648,0.23478,0.2067,0.52321,0.2577
0.14791,0.25832,0.18104,0.33085,0.51235,0.40276,0.26544,0.27454,0.26598,0.35758
0.13282,0.26713,0.16268,0.32219,0.5515,0.39693,0.21427,0.2835,0.31597,0.30479
0.1317,0.24765,0.17852,0.34477,0.44656,0.45128,0.28623,0.26842,0.29886,0.35246
0.14141,0.16597,0.10052,0.20583,0.20274,0.29129,0.12212,0.22964,0.78521,0.29973
0.11114,0.19625,0.14516,0.36593,0.46947,0.49417,0.2385,0.24972,0.36002,0.28407
0.11055,0.21076,0.14663,0.3344,0.51717,0.45352,0.25817,0.24074,0.35384,0.29509
0.082795,0.17559,0.1256,0.33835,0.40643,0.51653,0.26424,0.23771,0.44388,0.27694
0.082997,0.14909,0.10554,0.25354,0.37846,0.39804,0.14772,0.19754,0.70026,0.20636
0.15292,0.26396,0.1962,0.34469,0.52775,0.37466,0.24488,0.27421,0.26584,0.35343
0.11709,0.20771,0.099926,0.24564,0.34838,0.46091,0.19709,0.26712,0.56834,0.32528
0.087548,0.17723,0.10188,0.30643,0.48113,0.56697,0.24375,0.23561,0.34952,0.25811
0.16489,0.2629,0.13484,0.27604,0.53903,0.4032,0.2221,0.28217,0.28692,0.38069
0.092519,0.16448,0.080478,0.26878,0.31171,0.47548,0.15645,0.26807,0.6357,0.24894
0.12113,0.20596,0.11201,0.27464,0.45905,0.50442,0.19087,0.25341,0.44336,0.30423
0.084514,0.16281,0.10827,0.31809,0.42745,0.52275,0.20784,0.24294,0.4909,0.23297
0.17114,0.21621,0.12802,0.2696,0.31287,0.40406,0.18194,0.29756,0.56072,0.37107
0.057733,0.16105,0.091894,0.26443,0.70363,0.51147,0.17408,0.18629,0.1871,0.18879
0.0893,0.16443,0.10328,0.22963,0.27401,0.37343,0.15448,0.2122,0.75287,0.22661
0.076167,0.15621,0.10204,0.30408,0.38209,0.52538,0.22384,0.22299,0.54441,0.22065
0.14752,0.25867,0.16703,0.31547,0.54418,0.38191,0.22911,0.27542,0.31083,0.342
0.058483,0.12132,0.062988,0.21942,0.22579,0.3949,0.11359,0.21035,0.79893,0.16546
0.079315,0.14964,0.095939,0.28892,0.31636,0.46842,0.1795,0.24232,0.64916,0.21629
0.14923,0.25445,0.19624,0.36178,0.53613,0.39752,0.23841,0.26733,0.23874,0.33589
0.087699,0.18533,0.12889,0.33499,0.54265,0.51567,0.24896,0.23406,0.29494,0.25493
0.084712,0.18549,0.13343,0.34937,0.56437,0.49729,0.26929,0.22876,0.24192,0.26339
0.067827,0.17967,0.11543,0.35721,0.46427,0.5459,0.29617,0.23191,0.30557,0.27161
0.1147,0.2115,0.12865,0.26521,0.4288,0.44267,0.17207,0.24801,0.55706,0.27198
0.09852,0.21835,0.12115,0.29163,0.45948,0.41324,0.18338,0.26384,0.53858,0.26019
0.081391,0.16256,0.089417,0.2173,0.33758,0.43683,0.12113,0.2172,0.71174,0.19631
0.13846,0.25348,0.15809,0.31191,0.5199,0.42517,0.21043,0.26457,0.35258,0.32347
0.24119,0.25058,0.14942,0.25648,0.28133,0.42788,0.1828,0.28267,0.45736,0.4541
0.085512,0.1656,0.085119,0.20503,0.32771,0.4259,0.1203,0.21545,0.72611,0.19769
0.14101,0.26516,0.16307,0.30512,0.51439,0.39639,0.21225,0.28131,0.3688,0.32893
0.071118,0.26624,0.08827,0.22687,0.50842,0.41354,0.15583,0.28741,0.50175,0.27684
0.14012,0.28522,0.12126,0.27607,0.48999,0.36267,0.16583,0.30972,0.4359,0.35077
0.20468,0.25408,0.18165,0.29826,0.39113,0.34298,0.21896,0.26525,0.45397,0.42022
0.13544,0.25902,0.17279,0.32864,0.52109,0.39933,0.21216,0.27512,0.36359,0.30464
0.13773,0.24464,0.14661,0.29713,0.50217,0.39109,0.18296,0.26749,0.44865,0.31617
0.16808,0.3012,0.18511,0.30588,0.48885,0.34723,0.22254,0.3129,0.33225,0.36857
0.06622,0.099369,0.03962,0.16409,0.13371,0.33814,0.065485,0.18501,0.8739,0.15103
0.051353,0.15941,0.03792,0.14552,0.25552,0.36638,0.076567,0.20809,0.81901,0.17284
0.11562,0.14297,0.076679,0.22848,0.21377,0.45353,0.11481,0.24116,0.72582,0.242
0.13799,0.24515,0.14989,0.33927,0.49022,0.41759,0.19637,0.27409,0.38899,0.32185
0.24848,0.26382,0.16883,0.26537,0.30632,0.35328,0.20641,0.29823,0.43541,0.47955
0.1128,0.23171,0.12586,0.31096,0.5975,0.43222,0.19877,0.26332,0.30581,0.27361
0.099218,0.20774,0.12813,0.31998,0.50594,0.4863,0.18218,0.2566,0.41636,0.25168
0.078385,0.098782,0.048035,0.17427,0.15504,0.37163,0.083857,0.1844,0.84795,0.17095
0.18323,0.32657,0.17757,0.29123,0.55976,0.32225,0.20215,0.32236,0.22019,0.36468
0.13455,0.23443,0.1645,0.33122,0.49878,0.46788,0.21314,0.25357,0.34129,0.31029
0.1188,0.24166,0.14505,0.28968,0.40975,0.39139,0.20681,0.27221,0.5354,0.31294
0.069322,0.097819,0.049954,0.20063,0.11831,0.49678,0.091416,0.2073,0.77779,0.16064
0.1258,0.23848,0.16407,0.33851,0.50042,0.43092,0.22669,0.26604,0.36452,0.30763
0.21778,0.24875,0.1432,0.26538,0.32512,0.37139,0.18131,0.29032,0.50423,0.42978
0.085837,0.17036,0.095108,0.2338,0.32667,0.38395,0.13521,0.21287,0.73257,0.21333
0.18584,0.22641,0.13896,0.29133,0.31475,0.41746,0.18703,0.28502,0.51765,0.39052
0.12104,0.27513,0.13828,0.29103,0.49776,0.44418,0.1973,0.2966,0.35988,0.32303
0.13203,0.28107,0.14793,0.29323,0.51494,0.40969,0.20316,0.29774,0.35586,0.32577
0.094786,0.24815,0.11044,0.26828,0.71474,0.38111,0.15394,0.24999,0.18829,0.25985
0.080089,0.2097,0.10418,0.28176,0.56503,0.47086,0.14911,0.24328,0.42726,0.23331
0.084643,0.21264,0.11053,0.27182,0.59946,0.412,0.16539,0.23574,0.44521,0.22645
0.010725,0.02094,0.0065291,0.078658,0.027095,0.18624,0.022686,0.085417,0.97404,0.035081
0.083703,0.16462,0.087837,0.19021,0.29578,0.42788,0.13106,0.19508,0.74515,0.20239
0.088229,0.22239,0.13371,0.31178,0.65582,0.44115,0.19992,0.23262,0.21689,0.24868
0.22132,0.27298,0.16682,0.29163,0.52595,0.33357,0.19409,0.27783,0.26706,0.43537
0.12639,0.26646,0.14205,0.30783,0.60316,0.38286,0.19324,0.27515,0.2826,0.30788
0.11839,0.15699,0.079014,0.2325,0.2257,0.4181,0.12008,0.24593,0.73311,0.25088
0.1152,0.25826,0.14265,0.30665,0.64623,0.3833,0.19053,0.26294,0.21181,0.30135
0.093045,0.18399,0.096793,0.23171,0.35088,0.50014,0.13921,0.22091,0.6367,0.21817
0.052949,0.12169,0.055329,0.18304,0.22805,0.46046,0.09404,0.17766,0.78765,0.14488
0.11333,0.21953,0.11714,0.30874,0.50003,0.46121,0.1458,0.25688,0.45967,0.26198
0.15952,0.21354,0.11025,0.22919,0.33176,0.34302,0.1358,0.24866,0.66767,0.33239
0.1628,0.2849,0.10733,0.23145,0.6604,0.28364,0.16108,0.27691,0.27939,0.36052
0.1551,0.24777,0.17475,0.33594,0.46807,0.41349,0.22106,0.27733,0.37229,0.34163
0.16988,0.26568,0.1994,0.34516,0.537,0.37471,0.23132,0.27095,0.22802,0.36602
0.080997,0.15807,0.078035,0.19934,0.33726,0.38217,0.10266,0.20157,0.75784,0.19325
0.13949,0.28873,0.1455,0.29984,0.65027,0.31722,0.17528,0.28425,0.22648,0.31592
0.089698,0.19067,0.10506,0.25923,0.67484,0.37186,0.15367,0.21182,0.40942,0.21811
0.11763,0.26831,0.1269,0.29347,0.58191,0.4041,0.16299,0.28944,0.33511,0.29562
0.097535,0.21668,0.10025,0.23842,0.3941,0.41159,0.14442,0.24435,0.64087,0.24627
0.10614,0.22178,0.11952,0.27719,0.45933,0.46541,0.1629,0.25149,0.5058,0.27427
0.12287,0.22875,0.15802,0.29678,0.53205,0.39883,0.19723,0.24306,0.44445,0.28614
0.15666,0.25941,0.19997,0.35246,0.56861,0.38314,0.23395,0.25627,0.20047,0.33652
0.10217,0.21253,0.11749,0.24442,0.42617,0.36093,0.16255,0.22926,0.64619,0.24983
0.09503,0.23037,0.14015,0.31639,0.65138,0.405,0.19411,0.24254,0.25018,0.26596
0.062009,0.14627,0.084411,0.29,0.35394,0.51274,0.19046,0.22348,0.61226,0.18516
0.1075,0.24469,0.14202,0.31534,0.68795,0.36958,0.19009,0.24576,0.18873,0.25874
0.26107,0.29592,0.17062,0.26437,0.45254,0.27395,0.18907,0.29852,0.31774,0.4895
0.12891,0.25265,0.14484,0.32094,0.54503,0.40722,0.18989,0.26904,0.35888,0.30896
0.11409,0.25687,0.11471,0.2822,0.55155,0.40966,0.17893,0.28891,0.38509,0.30398
0.062505,0.16806,0.073714,0.30256,0.34591,0.54476,0.18593,0.26765,0.55458,0.20174
0.047272,0.10804,0.044666,0.22045,0.17675,0.50698,0.11855,0.21132,0.75531,0.13423
0.10513,0.22079,0.13186,0.31109,0.50926,0.41994,0.18303,0.24804,0.47092,0.27121
0.084684,0.20469,0.12821,0.30693,0.73678,0.39274,0.1397,0.22973,0.16521,0.20884
0.18863,0.28882,0.14819,0.28862,0.57773,0.34194,0.17378,0.28711,0.24165,0.39246
0.085273,0.22524,0.12342,0.29564,0.5859,0.50409,0.1911,0.24518,0.28311,0.25532
0.11507,0.2466,0.15149,0.32175,0.66115,0.37325,0.19193,0.25214,0.2107,0.27971
0.141,0.17843,0.12359,0.3091,0.42014,0.44537,0.18212,0.25162,0.52433,0.30197
0.12387,0.16993,0.11195,0.26905,0.30365,0.44056,0.15351,0.23022,0.65939,0.27055
0.1367,0.18535,0.087815,0.22561,0.3206,0.36149,0.12074,0.24052,0.70555,0.29095
0.16377,0.21895,0.12959,0.24138,0.33033,0.29076,0.14946,0.23993,0.67242,0.3528
0.099233,0.17621,0.091226,0.23789,0.4045,0.39249,0.14418,0.21753,0.66789,0.24968
0.11504,0.22568,0.10677,0.27299,0.53727,0.42102,0.14481,0.2432,0.46773,0.29174
0.14782,0.2334,0.11747,0.23135,0.30552,0.28624,0.14974,0.26443,0.69098,0.33359
0.11792,0.25877,0.14568,0.29883,0.63651,0.40303,0.18879,0.25853,0.22838,0.29394
0.08729,0.18617,0.095053,0.24506,0.33681,0.49197,0.15588,0.22708,0.63674,0.22772
0.09724,0.20748,0.12469,0.29416,0.39407,0.509,0.1973,0.25221,0.51833,0.24463
0.15377,0.18646,0.11649,0.23489,0.21939,0.34721,0.1428,0.24835,0.7206,0.32065
0.13962,0.24555,0.17744,0.3227,0.42652,0.40351,0.22443,0.28411,0.44237,0.33626
0.19196,0.31389,0.20739,0.31756,0.47728,0.32765,0.2417,0.31514,0.24682,0.40862
0.10608,0.23775,0.12749,0.2784,0.43888,0.39235,0.17085,0.26756,0.56989,0.2576
0.13588,0.29709,0.16938,0.32807,0.50386,0.39293,0.21431,0.31282,0.31993,0.32022
0.22083,0.25238,0.15815,0.27211,0.2992,0.34115,0.18372,0.29604,0.52594,0.42961
0.12074,0.20907,0.15478,0.31011,0.42209,0.45672,0.20283,0.24751,0.50834,0.27205
0.23834,0.26943,0.17854,0.28555,0.33876,0.33586,0.19606,0.30562,0.42639,0.46474
0.12213,0.23225,0.14189,0.29929,0.40666,0.44152,0.19259,0.26132,0.52852,0.27643
0.19881,0.22087,0.1399,0.26389,0.25845,0.38527,0.17822,0.28901,0.58201,0.39144
0.13862,0.26994,0.16648,0.30887,0.45313,0.41516,0.23628,0.29367,0.40277,0.32066
0.15885,0.29122,0.2092,0.33675,0.53857,0.346,0.23486,0.29544,0.22824,0.35844
0.072438,0.16815,0.083552,0.23107,0.45329,0.45171,0.13036,0.20197,0.63209,0.1982
0.11947,0.17488,0.088905,0.24374,0.31671,0.38507,0.12155,0.23769,0.70443,0.26787
0.076219,0.18418,0.087701,0.22487,0.34453,0.42791,0.14226,0.23065,0.69613,0.20536
0.089551,0.18571,0.11286,0.22638,0.37808,0.30027,0.15657,0.20123,0.73576,0.23248
0.19053,0.26523,0.20039,0.33749,0.47305,0.36497,0.249,0.27781,0.26116,0.41826
0.064722,0.13978,0.083379,0.23799,0.53899,0.42803,0.15312,0.17205,0.59239,0.18703
0.1131,0.21521,0.13156,0.28422,0.35092,0.44486,0.17809,0.27249,0.58944,0.26145
0.0889,0.18496,0.095345,0.26815,0.3276,0.4364,0.14254,0.26611,0.66297,0.22013
0.10949,0.24849,0.12032,0.28673,0.58829,0.37455,0.19433,0.26195,0.36995,0.31616
0.098183,0.21145,0.12308,0.31436,0.52957,0.446,0.22849,0.25535,0.3836,0.29625
0.12348,0.25305,0.12422,0.29076,0.55358,0.4035,0.18483,0.28153,0.36151,0.32767
0.1059,0.23591,0.11139,0.2671,0.58311,0.38478,0.19433,0.24461,0.41323,0.30488
0.083269,0.1955,0.097563,0.30142,0.53912,0.48842,0.20768,0.23905,0.40029,0.25449
0.12879,0.2681,0.12267,0.27479,0.5815,0.3979,0.20744,0.28197,0.29269,0.34104
0.10462,0.21518,0.10908,0.25883,0.49585,0.39891,0.16867,0.24412,0.54295,0.27574
0.1479,0.28723,0.16573,0.30351,0.59527,0.32706,0.19799,0.29158,0.26466,0.34706
0.11892,0.24845,0.11341,0.27235,0.62761,0.38209,0.18153,0.2659,0.30152,0.32036
0.090127,0.23106,0.097408,0.2871,0.51838,0.44997,0.20581,0.27891,0.4065,0.29998
0.11962,0.25904,0.10932,0.27812,0.58611,0.40184,0.18764,0.26203,0.34195,0.32171
0.10311,0.24225,0.09934,0.26924,0.58632,0.42771,0.2135,0.26949,0.33058,0.30682
0.12077,0.261,0.12455,0.28604,0.57025,0.40056,0.20289,0.28203,0.31492,0.3383
0.10631,0.2332,0.11107,0.29573,0.55741,0.43682,0.20296,0.25702,0.36648,0.30241
0.10075,0.25204,0.12093,0.29342,0.62189,0.39682,0.2041,0.27158,0.27326,0.30216
0.12171,0.25559,0.127,0.27836,0.57822,0.38887,0.19973,0.27452,0.3453,0.32589
0.092732,0.22146,0.099258,0.28245,0.58244,0.45283,0.19546,0.25434,0.36407,0.27019
0.12288,0.24691,0.13997,0.30167,0.55577,0.41039,0.18962,0.27162,0.35441,0.31734
0.12779,0.28292,0.12711,0.29164,0.58049,0.37471,0.19321,0.28619,0.3058,0.33511
0.10659,0.23895,0.13648,0.32596,0.62718,0.38274,0.21938,0.25416,0.24545,0.30635
0.11335,0.24431,0.11792,0.26706,0.57912,0.39979,0.18601,0.25921,0.38743,0.30844
0.15168,0.30296,0.12365,0.27586,0.51971,0.38462,0.20058,0.32206,0.32193,0.35805
0.13152,0.2647,0.14202,0.29099,0.52314,0.3942,0.19788,0.28325,0.37029,0.3496
0.10036,0.22683,0.11167,0.30616,0.62001,0.41585,0.19649,0.26136,0.28875,0.29091
0.10811,0.23752,0.11094,0.26854,0.54844,0.41202,0.1887,0.25429,0.42346,0.31197
0.12481,0.28023,0.11209,0.25329,0.57694,0.38519,0.17448,0.29157,0.34797,0.33377
0.10941,0.24763,0.10341,0.26176,0.56761,0.441,0.18758,0.26707,0.35147,0.31749
0.10282,0.22052,0.11066,0.26666,0.58254,0.36983,0.1702,0.24193,0.46499,0.27856
0.12692,0.27819,0.11564,0.27101,0.57371,0.37424,0.18213,0.29402,0.3437,0.33577
0.13412,0.27764,0.13425,0.27282,0.54574,0.36478,0.18862,0.29177,0.3811,0.34005
0.097061,0.22209,0.1008,0.27391,0.48604,0.43959,0.18026,0.25171,0.49803,0.28759
0.13238,0.27839,0.12329,0.26626,0.50088,0.38735,0.20556,0.29976,0.40436,0.34976
0.084955,0.21648,0.09274,0.25813,0.52015,0.4423,0.16525,0.25253,0.49634,0.25898
0.12,0.25152,0.11157,0.2549,0.53441,0.41632,0.18571,0.26666,0.41944,0.32323
0.10159,0.23671,0.10142,0.27604,0.56,0.40675,0.16752,0.26996,0.43391,0.28089
0.10343,0.23014,0.10406,0.2531,0.5238,0.4206,0.17011,0.25689,0.47284,0.30275
0.13614,0.28341,0.14377,0.30442,0.58123,0.37434,0.20074,0.2931,0.2591,0.34134
0.11469,0.24565,0.11166,0.26893,0.50711,0.40602,0.18375,0.28294,0.44985,0.32172
0.13483,0.27859,0.11496,0.27204,0.52463,0.38946,0.19459,0.29973,0.36766,0.35665
0.10379,0.25912,0.11169,0.27305,0.57451,0.39622,0.20833,0.27731,0.34971,0.32466
0.12518,0.27228,0.12204,0.28291,0.56464,0.38705,0.20469,0.27447,0.33396,0.34333
0.099931,0.23769,0.11532,0.29475,0.59094,0.42185,0.20759,0.24944,0.33502,0.29769
0.12083,0.27985,0.11052,0.25598,0.55127,0.37503,0.19363,0.29229,0.38454,0.33765
0.14907,0.28584,0.13338,0.29422,0.4884,0.40058,0.20279,0.31647,0.35136,0.35775
0.11101,0.23908,0.11409,0.27407,0.48639,0.41925,0.19682,0.26314,0.48068,0.30168
0.1168,0.24624,0.11462,0.2963,0.55866,0.41686,0.20055,0.26928,0.35467,0.31686
0.10596,0.23826,0.12063,0.29571,0.56672,0.40168,0.19722,0.25884,0.37901,0.31297
0.1245,0.21848,0.12289,0.27355,0.49085,0.41186,0.18793,0.2549,0.49095,0.30812
0.13256,0.28082,0.13307,0.28264,0.60567,0.36324,0.18172,0.28852,0.28616,0.33021
0.12895,0.29598,0.13357,0.27147,0.60608,0.35916,0.18998,0.29626,0.25404,0.34569
0.13273,0.26367,0.13992,0.29976,0.54476,0.41312,0.21109,0.28375,0.30525,0.34312
0.13133,0.27497,0.11684,0.26626,0.52689,0.35748,0.18534,0.2852,0.43025,0.34117
0.14847,0.267,0.15217,0.29363,0.5259,0.36059,0.19438,0.2867,0.38408,0.35099
0.14314,0.2652,0.14059,0.29007,0.55584,0.38293,0.2056,0.2799,0.32711,0.34938
0.10535,0.23798,0.11247,0.27889,0.52981,0.42853,0.19642,0.27837,0.40458,0.31263
0.16746,0.29717,0.15534,0.29157,0.54242,0.33708,0.18897,0.30605,0.30291,0.38149
0.12697,0.2631,0.13016,0.2699,0.50938,0.36968,0.18833,0.27906,0.44548,0.34198
0.085917,0.20771,0.094104,0.25735,0.54014,0.41081,0.16711,0.24377,0.51048,0.25679
0.12023,0.25076,0.13535,0.28899,0.52893,0.41057,0.19699,0.27659,0.38425,0.33097
0.11979,0.25116,0.11666,0.29067,0.60106,0.40453,0.19289,0.2751,0.28568,0.32412
0.18263,0.29584,0.18187,0.30917,0.47821,0.35183,0.23464,0.30206,0.29555,0.4054
0.11699,0.24264,0.11938,0.27851,0.49214,0.40453,0.1975,0.26215,0.46904,0.31944
0.10193,0.24561,0.1011,0.26281,0.63564,0.39397,0.18015,0.25699,0.32326,0.29622
0.098652,0.22004,0.10483,0.23967,0.52065,0.39426,0.16898,0.24654,0.53252,0.272
0.088555,0.19302,0.097671,0.24317,0.48359,0.42228,0.15669,0.233,0.57812,0.24696
0.16313,0.2845,0.14603,0.28073,0.57773,0.35386,0.20223,0.2832,0.28483,0.36207
0.14753,0.299,0.15342,0.28923,0.52541,0.34477,0.21351,0.30516,0.31518,0.38558
0.13196,0.25925,0.12035,0.26864,0.55267,0.40975,0.20809,0.26912,0.34317,0.34913
0.097354,0.21097,0.10091,0.2675,0.48405,0.42323,0.17813,0.25322,0.5205,0.28996
0.17057,0.30507,0.16404,0.269,0.59008,0.29552,0.20037,0.30719,0.25244,0.38054
0.11364,0.24967,0.12742,0.29757,0.59512,0.40937,0.20689,0.2632,0.28848,0.32082
0.095736,0.22993,0.085978,0.2563,0.51665,0.4227,0.17494,0.26657,0.48215,0.2918
0.10988,0.23804,0.11564,0.26728,0.59759,0.38743,0.19101,0.2586,0.38051,0.30181
0.0937,0.22055,0.090785,0.24742,0.45769,0.44515,0.17336,0.26506,0.53186,0.28688
0.11663,0.26919,0.12293,0.27304,0.56774,0.3802,0.18907,0.27336,0.37089,0.33069
0.11679,0.2528,0.11966,0.2767,0.54679,0.41762,0.19429,0.26722,0.39054,0.31065
0.11104,0.24369,0.1132,0.27092,0.54793,0.41461,0.19277,0.26293,0.40626,0.31401
0.11638,0.25964,0.11728,0.27676,0.58289,0.40809,0.19794,0.2688,0.32742,0.32211
0.09755,0.23389,0.08638,0.24538,0.50788,0.43619,0.17977,0.26428,0.48171,0.29273
0.12219,0.27412,0.11505,0.26556,0.60425,0.37286,0.18524,0.29294,0.29792,0.33635
0.10215,0.22563,0.10675,0.26151,0.49324,0.43383,0.18733,0.25781,0.48772,0.29655
0.11777,0.25704,0.11226,0.27767,0.62565,0.39657,0.18853,0.2687,0.27815,0.3107
0.10183,0.23549,0.10173,0.26417,0.49036,0.43192,0.19956,0.273,0.46609,0.30893
0.15,0.26878,0.13196,0.27147,0.54815,0.37381,0.19143,0.28311,0.36592,0.35108
0.1094,0.22857,0.12296,0.28317,0.57359,0.3982,0.18736,0.25917,0.39789,0.30386
0.079314,0.17819,0.084414,0.25664,0.46266,0.47805,0.18915,0.23245,0.54121,0.25232
0.10918,0.24875,0.094862,0.24394,0.51506,0.39379,0.17123,0.27396,0.47738,0.32416
0.12573,0.26396,0.12063,0.27097,0.53689,0.3899,0.19303,0.28419,0.38781,0.3433
0.12026,0.26289,0.11084,0.27783,0.54888,0.39075,0.18395,0.28822,0.38752,0.32545
0.10925,0.23584,0.10826,0.26671,0.5994,0.42512,0.19937,0.25405,0.33609,0.30387
0.13292,0.28566,0.12984,0.26141,0.54401,0.36056,0.19793,0.29844,0.35979,0.36318
0.12425,0.26576,0.14424,0.30677,0.52125,0.40116,0.21261,0.29671,0.3451,0.33772
0.096696,0.21179,0.10199,0.26721,0.56164,0.4277,0.18343,0.23507,0.44447,0.28137
0.23769,0.31529,0.14486,0.22789,0.41482,0.2815,0.17578,0.31946,0.37413,0.49693
0.15831,0.28325,0.13876,0.25956,0.55241,0.37925,0.2017,0.27668,0.30474,0.386
0.13564,0.26709,0.14208,0.28875,0.63264,0.35703,0.19338,0.27219,0.24062,0.33109
0.14694,0.27801,0.14725,0.29476,0.54352,0.3835,0.21226,0.27521,0.3204,0.35583
0.14083,0.27025,0.15244,0.30423,0.57126,0.36002,0.20491,0.28072,0.30758,0.3464
0.10888,0.24219,0.11322,0.27865,0.62936,0.37223,0.19566,0.25436,0.32204,0.31256
0.2099,0.30264,0.13084,0.24264,0.47565,0.31335,0.17018,0.30722,0.36631,0.45432
0.030807,0.0583,0.022298,0.084191,0.12472,0.19039,0.052761,0.089898,0.95832,0.083818
0.039837,0.080462,0.037002,0.11046,0.17741,0.23931,0.07255,0.10598,0.92777,0.11128
0.040876,0.097045,0.052197,0.13096,0.22918,0.21629,0.1032,0.10891,0.91185,0.12548
0.027463,0.058237,0.025507,0.1017,0.13198,0.2714,0.068539,0.097484,0.93417,0.083061
0.035988,0.071588,0.034738,0.10714,0.1527,0.25928,0.068575,0.10906,0.93004,0.093722
0.032848,0.066814,0.036211,0.10991,0.17012,0.2536,0.058697,0.10381,0.93005,0.09274
0.04094,0.069805,0.032942,0.10007,0.13128,0.22099,0.064918,0.10431,0.94333,0.10634
0.029128,0.062238,0.02208,0.10067,0.13468,0.26235,0.062916,0.10061,0.93531,0.093831
0.080798,0.16337,0.082837,0.19144,0.35617,0.31629,0.14165,0.18808,0.77176,0.21289
0.028133,0.060432,0.022907,0.070409,0.12135,0.15791,0.043258,0.076921,0.96734,0.082921
0.044557,0.10849,0.041828,0.14137,0.23891,0.31729,0.10332,0.14504,0.86807,0.14663
0.048769,0.096659,0.051946,0.14266,0.21538,0.26317,0.10989,0.12277,0.89636,0.13771
0.045669,0.12019,0.044873,0.14225,0.22058,0.34487,0.097966,0.16024,0.85801,0.14892
0.026086,0.051127,0.021664,0.071173,0.092637,0.18106,0.043879,0.075628,0.96768,0.075908
0.051531,0.10864,0.0411,0.12547,0.15354,0.33721,0.093515,0.14894,0.87991,0.1602
0.035997,0.094563,0.033226,0.14586,0.16194,0.42362,0.096773,0.14853,0.84026,0.1557
0.034526,0.06004,0.026302,0.070675,0.093519,0.18733,0.053689,0.087719,0.96244,0.093894
0.038395,0.080617,0.03022,0.085056,0.15456,0.20537,0.067054,0.096539,0.94472,0.10728
0.034284,0.075467,0.032606,0.096719,0.15799,0.2117,0.069171,0.099095,0.94219,0.103
0.037593,0.078602,0.036204,0.089515,0.15573,0.18712,0.0609,0.098705,0.94815,0.10668
0.025356,0.042192,0.01877,0.052232,0.078247,0.11427,0.032951,0.060905,0.9834,0.058678
0.035336,0.075358,0.029782,0.11059,0.14515,0.28334,0.085319,0.10933,0.92014,0.11273
0.068948,0.13571,0.073061,0.18638,0.26237,0.37528,0.11933,0.18347,0.8021,0.18923
0.021152,0.045744,0.016794,0.0805,0.085461,0.254,0.045215,0.083794,0.9512,0.070923
0.059317,0.12078,0.051223,0.1671,0.20821,0.33287,0.11659,0.17421,0.85247,0.16293
0.059327,0.15571,0.063732,0.31668,0.33411,0.54109,0.24789,0.24702,0.52933,0.24661
0.067964,0.12057,0.054385,0.13067,0.20061,0.2572,0.082367,0.15293,0.8953,0.15059
0.028801,0.050118,0.023672,0.058644,0.10714,0.1318,0.0385,0.066533,0.97592,0.073992
0.054295,0.10315,0.043589,0.11389,0.19243,0.24504,0.080225,0.13015,0.91206,0.13872
0.02787,0.053497,0.024892,0.080051,0.1034,0.2122,0.046191,0.083578,0.95881,0.0719
0.042547,0.077382,0.034448,0.10674,0.15971,0.26136,0.066096,0.11418,0.92543,0.10947
0.024046,0.04644,0.02095,0.078536,0.087115,0.21717,0.047618,0.078361,0.9609,0.064634
0.038712,0.074216,0.036213,0.10082,0.15484,0.2183,0.069336,0.094771,0.9403,0.10925
0.035242,0.068288,0.039856,0.10676,0.14873,0.23138,0.071486,0.091926,0.93919,0.099009
0.030423,0.054646,0.019819,0.077226,0.092133,0.23618,0.056049,0.089367,0.95276,0.081178
0.034636,0.063473,0.029925,0.09146,0.12854,0.21915,0.061657,0.093907,0.94821,0.096099
0.045142,0.088805,0.047221,0.10889,0.18483,0.19056,0.07908,0.10792,0.93517,0.11437
0.042695,0.087578,0.043291,0.11291,0.17709,0.19991,0.088623,0.10625,0.93245,0.12632
0.038758,0.073887,0.035438,0.099935,0.15596,0.21057,0.0731,0.094206,0.94223,0.10544
0.02818,0.052328,0.020856,0.070132,0.09244,0.17729,0.0503,0.072634,0.96796,0.079921
0.050046,0.089684,0.042687,0.098294,0.16109,0.20098,0.072628,0.10989,0.93845,0.11657
0.041977,0.080341,0.041511,0.11014,0.17503,0.21552,0.083813,0.10418,0.93213,0.11873
0.038208,0.067701,0.032339,0.097493,0.14761,0.21322,0.060434,0.09598,0.94565,0.095099
0.044581,0.1016,0.047462,0.12947,0.22878,0.2484,0.092679,0.12564,0.90143,0.13297
0.047947,0.1005,0.047069,0.14701,0.22282,0.33049,0.10177,0.13943,0.86837,0.14505
0.056946,0.10386,0.045954,0.12844,0.16542,0.281,0.085809,0.13998,0.90314,0.13573
0.034672,0.071413,0.032025,0.098005,0.14311,0.21423,0.06769,0.096717,0.94485,0.10003
0.049588,0.087977,0.037326,0.092875,0.15716,0.18952,0.06521,0.11489,0.94195,0.12017
0.035315,0.062516,0.031789,0.080234,0.12196,0.15251,0.057223,0.080241,0.96549,0.085859
0.055554,0.10592,0.055073,0.12377,0.221,0.20765,0.091996,0.11962,0.91312,0.13722
0.032377,0.069743,0.031046,0.13644,0.1677,0.33943,0.082984,0.12426,0.89407,0.097399
0.039754,0.082651,0.03908,0.14137,0.20081,0.33299,0.098118,0.12404,0.88321,0.11743
0.047905,0.087184,0.046312,0.11268,0.18741,0.19173,0.079159,0.10637,0.93309,0.12306
0.032452,0.049287,0.027197,0.076764,0.099548,0.17487,0.054991,0.078486,0.96652,0.077728
0.024076,0.055703,0.023997,0.067053,0.13474,0.14437,0.047126,0.069688,0.96976,0.068827
0.066283,0.14043,0.072356,0.16141,0.32472,0.27024,0.11264,0.1614,0.83589,0.16934
0.024754,0.05069,0.020697,0.062948,0.10927,0.18879,0.039966,0.073069,0.96634,0.064048
0.04162,0.078175,0.038856,0.10723,0.16496,0.25514,0.064741,0.11312,0.92693,0.10321
0.067855,0.1195,0.066374,0.15685,0.27616,0.2252,0.10951,0.13502,0.87639,0.16385
0.047932,0.090175,0.056723,0.13875,0.20877,0.21372,0.097257,0.11313,0.91615,0.12746
0.028008,0.052491,0.023116,0.066722,0.10651,0.15577,0.041953,0.07328,0.9715,0.070206
0.040662,0.08958,0.05325,0.15027,0.2587,0.31448,0.096633,0.126,0.87141,0.12048
0.0425,0.086801,0.053963,0.13856,0.19967,0.2229,0.098913,0.10673,0.91795,0.12321
0.027904,0.056343,0.025437,0.088734,0.13698,0.18231,0.064996,0.079384,0.95806,0.084383
0.02821,0.058969,0.02148,0.066336,0.12351,0.17159,0.040962,0.078328,0.96614,0.070218
0.034086,0.074202,0.029754,0.10598,0.1608,0.269,0.061116,0.11295,0.92551,0.099678
0.034548,0.069728,0.032202,0.11336,0.152,0.28537,0.076746,0.10992,0.92091,0.097292
0.026779,0.057378,0.020527,0.075385,0.14241,0.19536,0.049567,0.084365,0.95715,0.07572
0.037417,0.076959,0.034225,0.10718,0.18946,0.23286,0.080658,0.10211,0.92841,0.10502
0.016997,0.040772,0.010047,0.052958,0.093185,0.17709,0.028432,0.0665,0.97336,0.04932
0.045493,0.087031,0.038754,0.0976,0.17886,0.18907,0.069653,0.10795,0.93945,0.11188
0.043586,0.091747,0.047385,0.13193,0.23437,0.25764,0.095774,0.11459,0.90043,0.12511
0.032224,0.068639,0.029207,0.10411,0.17421,0.24583,0.07844,0.094546,0.93124,0.097298
0.028376,0.057992,0.027445,0.071308,0.13954,0.16896,0.045107,0.073918,0.96404,0.071411
0.027974,0.057571,0.024466,0.084251,0.12646,0.17499,0.062906,0.081224,0.9617,0.078578
0.043556,0.091073,0.048837,0.13956,0.21083,0.27496,0.090016,0.12721,0.89955,0.12005
0.036161,0.090368,0.038448,0.12006,0.21302,0.22545,0.090925,0.11881,0.91821,0.11374
0.031222,0.066459,0.028615,0.10314,0.13739,0.23617,0.067045,0.10212,0.94115,0.088421
0.038969,0.080046,0.034852,0.15242,0.17037,0.33978,0.09674,0.13862,0.88406,0.11407
0.04106,0.081819,0.040281,0.12295,0.16797,0.25262,0.084141,0.11383,0.92175,0.11486
0.032465,0.060684,0.029277,0.096793,0.13657,0.2265,0.061801,0.093246,0.94619,0.085433
0.026927,0.048803,0.022971,0.062133,0.089309,0.13717,0.03758,0.071274,0.97723,0.065126
0.047711,0.10568,0.046883,0.13282,0.21332,0.29813,0.096322,0.13654,0.88653,0.13589
0.035172,0.068494,0.029552,0.096189,0.14042,0.22069,0.060806,0.10249,0.94489,0.092256
0.037628,0.074344,0.029005,0.090621,0.14291,0.19827,0.066347,0.1007,0.94893,0.0962
0.067446,0.11592,0.065759,0.16233,0.23611,0.32198,0.11407,0.15295,0.8524,0.1701
0.055456,0.1133,0.04789,0.13094,0.18756,0.2538,0.10345,0.144,0.90184,0.14247
0.033752,0.068393,0.030157,0.086194,0.13477,0.19611,0.054163,0.099216,0.95341,0.086295
0.032086,0.060589,0.028214,0.085921,0.15177,0.17439,0.049211,0.085833,0.95798,0.078494
0.03357,0.060769,0.028142,0.090495,0.12445,0.21702,0.06048,0.092231,0.95074,0.08685
0.039356,0.077169,0.038903,0.10684,0.19299,0.20991,0.077554,0.10249,0.93281,0.1077
0.028717,0.055891,0.028365,0.092862,0.13517,0.22174,0.059327,0.084694,0.94999,0.07754
0.040857,0.089619,0.045512,0.15655,0.21235,0.34837,0.10629,0.13828,0.86639,0.12735
0.030599,0.075149,0.029763,0.14493,0.19291,0.35282,0.10729,0.13193,0.87621,0.11475
0.030766,0.061533,0.023756,0.10686,0.14035,0.27065,0.066914,0.10416,0.93119,0.088901
0.033818,0.069355,0.034816,0.10673,0.17147,0.21668,0.082863,0.095112,0.93782,0.098349
0.029931,0.067907,0.030963,0.10943,0.13264,0.23944,0.084868,0.098188,0.93843,0.095582
0.036076,0.075183,0.043625,0.11096,0.17744,0.19142,0.084937,0.092219,0.94037,0.10343
0.025581,0.048902,0.024027,0.075378,0.099465,0.18396,0.043689,0.074239,0.96667,0.071276
0.037647,0.075373,0.034414,0.10329,0.15554,0.22028,0.063428,0.10723,0.94006,0.095414
0.21126,0.24083,0.16297,0.29581,0.36244,0.3604,0.21007,0.29658,0.4596,0.42277
0.1679,0.31682,0.17614,0.29375,0.52424,0.34311,0.22992,0.31552,0.27693,0.36395
0.24107,0.24141,0.1515,0.25708,0.25352,0.33361,0.18405,0.30923,0.52819,0.45882
0.11898,0.28745,0.16228,0.30562,0.60408,0.38482,0.22504,0.28912,0.2235,0.29375
0.25534,0.27364,0.17298,0.2737,0.32555,0.31465,0.22226,0.30058,0.40332,0.49769
0.11515,0.23762,0.12672,0.23552,0.36894,0.32512,0.17604,0.26277,0.66321,0.27758
0.13869,0.25895,0.1833,0.3324,0.55148,0.41055,0.25468,0.26087,0.22424,0.33726
0.10157,0.20549,0.12607,0.2776,0.41391,0.47884,0.19128,0.26085,0.53569,0.24961
0.12991,0.24942,0.15136,0.2939,0.45273,0.42012,0.21201,0.28618,0.45627,0.30842
0.1332,0.30032,0.16089,0.29293,0.5528,0.37514,0.22347,0.30842,0.26321,0.346
0.12501,0.25478,0.17089,0.32055,0.61502,0.39468,0.23807,0.25929,0.1956,0.30219
0.12535,0.25698,0.18565,0.33296,0.54391,0.39965,0.23979,0.27778,0.30177,0.30271
0.18582,0.33417,0.18909,0.28606,0.5268,0.31316,0.22513,0.32989,0.23528,0.38179
0.1486,0.25824,0.18198,0.31786,0.51611,0.39924,0.23651,0.27832,0.32606,0.33408
0.092789,0.25704,0.1303,0.28722,0.70297,0.37158,0.19604,0.25809,0.16688,0.24639
0.14986,0.28719,0.19639,0.32065,0.53583,0.37036,0.24876,0.29789,0.25252,0.33915
0.094894,0.25105,0.12507,0.28412,0.65222,0.41215,0.21011,0.26238,0.22213,0.27204
0.087738,0.22469,0.11571,0.28822,0.62203,0.46227,0.21564,0.25423,0.27605,0.2396
0.13967,0.28106,0.18211,0.32179,0.60999,0.36183,0.226,0.27685,0.19028,0.31281
0.095442,0.21943,0.13786,0.29366,0.73167,0.37209,0.1802,0.22708,0.16034,0.23228
0.079705,0.22005,0.13556,0.29784,0.72827,0.38476,0.19344,0.22236,0.1578,0.219
0.12008,0.2425,0.16232,0.32859,0.57023,0.44114,0.24447,0.2555,0.24266,0.29793
0.10897,0.22916,0.16361,0.31344,0.54813,0.41967,0.23134,0.24524,0.38002,0.27558
0.076957,0.18588,0.10961,0.27369,0.58108,0.45422,0.1785,0.22208,0.45386,0.20362
0.22629,0.25035,0.16615,0.27796,0.3361,0.33725,0.2086,0.29883,0.47229,0.44574
0.11286,0.24441,0.15512,0.30899,0.65945,0.38098,0.1972,0.25675,0.2249,0.26939
0.27452,0.26432,0.18308,0.26703,0.30797,0.30603,0.21732,0.31238,0.39758,0.5085
0.12576,0.24703,0.15832,0.31158,0.58347,0.40007,0.22188,0.26112,0.29627,0.30875
0.073312,0.20688,0.13173,0.29794,0.751,0.37251,0.19094,0.21266,0.14293,0.20209
0.096481,0.2184,0.15124,0.33379,0.59508,0.4522,0.23691,0.24112,0.26628,0.25479
0.11258,0.20869,0.15946,0.31893,0.48249,0.46613,0.22814,0.25202,0.41339,0.28303
0.12532,0.25718,0.18776,0.33886,0.63775,0.3762,0.22731,0.25286,0.16845,0.2754
0.11988,0.22129,0.1445,0.29576,0.44612,0.42728,0.20426,0.26904,0.49902,0.28911
0.22437,0.25555,0.19586,0.30132,0.37332,0.34361,0.2381,0.27759,0.4083,0.44419
0.13387,0.29981,0.16316,0.29377,0.60828,0.34833,0.22577,0.29674,0.20871,0.32458
0.11777,0.29642,0.15463,0.31195,0.57655,0.40075,0.22946,0.30075,0.22769,0.29848
0.06816,0.17221,0.1082,0.292,0.65901,0.50564,0.19788,0.21229,0.23628,0.19672
0.10288,0.22547,0.15182,0.31787,0.67519,0.39017,0.19582,0.23676,0.22156,0.25077
0.15491,0.27348,0.17935,0.32248,0.56145,0.37609,0.24292,0.28121,0.22229,0.34768
0.13875,0.24589,0.16691,0.31127,0.47204,0.41544,0.23164,0.27022,0.41717,0.31532
0.10563,0.20743,0.12556,0.25024,0.40621,0.3508,0.16272,0.2404,0.66148,0.23986
0.11738,0.29233,0.16111,0.3102,0.6198,0.37124,0.21499,0.29446,0.19305,0.29397
0.14792,0.27562,0.18193,0.32834,0.55927,0.36301,0.22808,0.29072,0.24958,0.34331
0.13221,0.26369,0.17307,0.31485,0.63527,0.3651,0.22073,0.26901,0.19383,0.29728
0.092508,0.21537,0.1444,0.33492,0.60258,0.46327,0.23771,0.2391,0.22678,0.26308
0.13646,0.25876,0.18132,0.32685,0.57664,0.38879,0.22369,0.26966,0.2734,0.30586
0.088983,0.20153,0.14127,0.3169,0.71193,0.40633,0.19817,0.2069,0.15754,0.22853
0.12746,0.24491,0.13724,0.24766,0.40381,0.35676,0.17867,0.27716,0.59996,0.29082
0.097263,0.18449,0.13996,0.29948,0.45093,0.52039,0.22104,0.22711,0.45838,0.25006
0.12183,0.26375,0.16534,0.30297,0.64009,0.38016,0.22838,0.26136,0.19273,0.2909
0.10932,0.21391,0.16088,0.29791,0.44897,0.39156,0.2154,0.23396,0.54557,0.27199
0.09503,0.24717,0.13942,0.30487,0.65889,0.40778,0.2099,0.25455,0.20432,0.25783
0.13238,0.24611,0.15246,0.27287,0.46197,0.37621,0.18972,0.272,0.52826,0.28321
0.1512,0.19777,0.11365,0.27063,0.29822,0.42246,0.18935,0.28476,0.59943,0.32894
0.10187,0.23139,0.16452,0.33136,0.57236,0.44428,0.23625,0.23975,0.30208,0.26397
0.20996,0.26021,0.17751,0.29767,0.4281,0.36416,0.23577,0.28674,0.34927,0.43865
0.099855,0.18642,0.11577,0.22154,0.36002,0.34008,0.14766,0.22278,0.72603,0.2213
0.17391,0.30052,0.18885,0.31304,0.52033,0.35189,0.23903,0.30109,0.24193,0.38064
0.13266,0.26294,0.18799,0.32856,0.6294,0.3748,0.22182,0.26167,0.17503,0.29161
0.14025,0.23823,0.16208,0.30268,0.38392,0.39839,0.20668,0.28607,0.52667,0.31249
0.14777,0.26978,0.18091,0.32343,0.58169,0.36545,0.22541,0.2837,0.2239,0.33868
0.084783,0.15859,0.11874,0.29655,0.36738,0.54591,0.20436,0.24385,0.53104,0.22226
0.10786,0.24171,0.17853,0.3447,0.59676,0.43738,0.25104,0.2443,0.19086,0.26961
0.1745,0.32338,0.19603,0.3152,0.5143,0.31934,0.22141,0.3339,0.24599,0.37374
0.11281,0.23397,0.16772,0.32777,0.56569,0.43822,0.23918,0.24867,0.2919,0.28403
0.069017,0.1325,0.086833,0.21332,0.26168,0.39164,0.13096,0.19222,0.78799,0.16657
0.061717,0.20861,0.12047,0.28799,0.74206,0.40197,0.19259,0.21382,0.15888,0.18691
0.1255,0.29392,0.1654,0.30604,0.59522,0.37695,0.21955,0.29694,0.2295,0.30234
0.084796,0.22315,0.15152,0.33996,0.65424,0.43823,0.23348,0.22937,0.15706,0.22937
0.095777,0.22774,0.1376,0.31159,0.70147,0.38685,0.19312,0.23544,0.17014,0.24404
0.10789,0.20197,0.13179,0.26614,0.3792,0.38498,0.18873,0.24067,0.63448,0.26694
0.11009,0.23691,0.15463,0.32943,0.66661,0.39776,0.20975,0.24177,0.17317,0.25359
0.15047,0.31655,0.1757,0.30743,0.57924,0.3416,0.2257,0.30619,0.20959,0.33308
0.11731,0.22203,0.13456,0.24904,0.4046,0.33962,0.16599,0.24615,0.65036,0.2582
0.19599,0.24179,0.17328,0.32156,0.55573,0.36292,0.22025,0.25459,0.24847,0.39253
0.15173,0.30861,0.18519,0.30495,0.54009,0.36556,0.23393,0.30817,0.25007,0.3419
0.11823,0.26076,0.17137,0.31642,0.65137,0.36178,0.22006,0.26303,0.18325,0.28665
0.11718,0.24482,0.15943,0.31187,0.63595,0.38778,0.20486,0.25979,0.2416,0.28463
0.1383,0.25335,0.15581,0.31384,0.49365,0.4076,0.21678,0.28971,0.39773,0.30818
0.1063,0.22507,0.13027,0.29023,0.55419,0.43563,0.21523,0.25313,0.38795,0.28112
0.17256,0.32316,0.17462,0.28276,0.49496,0.33903,0.2284,0.32691,0.29433,0.38697
0.15887,0.29067,0.19062,0.3155,0.57873,0.35223,0.23054,0.28989,0.20136,0.34303
0.17328,0.22524,0.13344,0.28058,0.41213,0.46979,0.2145,0.29163,0.40975,0.36498
0.1371,0.27366,0.17718,0.32394,0.60371,0.3793,0.22106,0.27746,0.20762,0.30444
0.08867,0.20306,0.13047,0.32191,0.54003,0.48671,0.23107,0.25199,0.35044,0.24908
0.12491,0.16895,0.099714,0.26453,0.44318,0.55031,0.20413,0.25099,0.42909,0.29649
0.073538,0.17155,0.11305,0.31235,0.49939,0.52082,0.22606,0.23622,0.42521,0.21555
0.11455,0.25229,0.1779,0.33936,0.64037,0.38277,0.2299,0.2537,0.17218,0.27013
0.14856,0.27959,0.18293,0.32541,0.57048,0.36894,0.23571,0.28474,0.21176,0.34259
0.089969,0.19501,0.11462,0.30835,0.53554,0.49854,0.22661,0.25175,0.36965,0.24279
0.086021,0.20062,0.12105,0.3162,0.58078,0.45056,0.20854,0.2318,0.37599,0.24251
0.12845,0.21191,0.11604,0.2827,0.51694,0.49024,0.20845,0.27459,0.35349,0.30632
0.085554,0.19853,0.12294,0.31525,0.51751,0.48311,0.2233,0.2537,0.4043,0.24469
0.083093,0.19298,0.11868,0.32625,0.56416,0.5059,0.241,0.24509,0.29216,0.24005
0.1433,0.28502,0.18142,0.31799,0.58614,0.36883,0.22945,0.28667,0.20466,0.32847
0.081598,0.18609,0.10524,0.30168,0.52495,0.51172,0.21038,0.2487,0.40202,0.22685
0.16133,0.19782,0.12369,0.26524,0.39491,0.50251,0.18981,0.27178,0.45815,0.34774
0.11979,0.22967,0.1749,0.34331,0.56376,0.42454,0.2384,0.24512,0.28919,0.29301
0.14203,0.18218,0.11983,0.29767,0.3826,0.46844,0.19594,0.267,0.52287,0.30786
0.11323,0.15505,0.090574,0.28651,0.33955,0.5141,0.18959,0.26677,0.56285,0.26332
0.027566,0.091901,0.048158,0.26108,0.59576,0.59479,0.16691,0.16175,0.37409,0.13286
0.028658,0.0964,0.052488,0.23419,0.73088,0.55265,0.16749,0.12775,0.18619,0.11677
0.031645,0.10242,0.041925,0.25058,0.57801,0.60093,0.17072,0.17825,0.38548,0.13872
0.033422,0.10258,0.056467,0.23346,0.53979,0.49681,0.15596,0.15491,0.57261,0.12753
0.024863,0.084061,0.042697,0.21176,0.42196,0.48062,0.12445,0.15855,0.69392,0.12021
0.026861,0.087921,0.05534,0.25203,0.74364,0.54278,0.16339,0.12252,0.14604,0.11964
0.027654,0.093501,0.051896,0.24648,0.65428,0.57991,0.15734,0.14973,0.31948,0.11586
0.020761,0.074452,0.049449,0.2381,0.71042,0.545,0.13969,0.12963,0.29703,0.092852
0.040953,0.13234,0.050259,0.23272,0.63354,0.55909,0.17685,0.17944,0.35005,0.15541
0.025421,0.084913,0.037523,0.23468,0.48768,0.55437,0.16901,0.1638,0.56515,0.12534
0.019,0.081781,0.034822,0.2299,0.66405,0.56554,0.14657,0.14242,0.35383,0.10547
0.03087,0.095105,0.045593,0.2302,0.46148,0.50047,0.13514,0.16676,0.63878,0.13182
0.031485,0.091993,0.064779,0.26295,0.62489,0.52997,0.14649,0.15425,0.43377,0.11156
0.039063,0.096756,0.053644,0.19685,0.43833,0.38229,0.11614,0.14139,0.74822,0.12609
0.021688,0.081055,0.050352,0.24804,0.66006,0.51542,0.13393,0.14877,0.42274,0.09374
0.03644,0.11075,0.062321,0.2325,0.47823,0.43906,0.13357,0.16954,0.66492,0.13524
0.022937,0.08714,0.028906,0.22331,0.42781,0.64136,0.14389,0.18467,0.52696,0.11967
0.035552,0.10232,0.056017,0.20779,0.40544,0.38056,0.13881,0.14978,0.75597,0.1398
0.020413,0.084114,0.037616,0.24944,0.54289,0.60372,0.17353,0.16094,0.44668,0.11883
0.039824,0.12948,0.080774,0.28566,0.69707,0.51881,0.19754,0.16985,0.20585,0.16795
0.033355,0.11419,0.058698,0.2649,0.54448,0.55096,0.16078,0.18942,0.47885,0.14553
0.035331,0.099266,0.058366,0.26516,0.61416,0.55039,0.16018,0.16187,0.40795,0.12953
0.047538,0.10224,0.048224,0.24069,0.44669,0.48192,0.12876,0.18794,0.65168,0.13662
0.028356,0.088271,0.044332,0.25619,0.56206,0.62692,0.18687,0.16816,0.36777,0.12811
0.02745,0.096473,0.046151,0.22649,0.70595,0.56536,0.15883,0.14008,0.24598,0.11469
0.021758,0.066625,0.026847,0.1441,0.33408,0.3279,0.085784,0.11956,0.85103,0.092559
0.034191,0.095133,0.049336,0.24267,0.65448,0.53036,0.15385,0.14864,0.39688,0.12476
0.032009,0.10277,0.045898,0.22221,0.42905,0.54447,0.15095,0.16975,0.62015,0.14217
0.018576,0.080037,0.034732,0.24518,0.54159,0.60198,0.17726,0.16071,0.4532,0.1166
0.032148,0.094709,0.055095,0.24193,0.63998,0.48505,0.14051,0.14166,0.47915,0.11914
0.043562,0.13216,0.077527,0.26694,0.59036,0.50616,0.17611,0.18252,0.45528,0.16441
0.026456,0.077704,0.041702,0.22736,0.49532,0.52105,0.12964,0.15209,0.60929,0.10877
0.049888,0.1224,0.066987,0.27092,0.61339,0.55232,0.17949,0.18122,0.36361,0.16148
0.017019,0.06219,0.032124,0.20823,0.58921,0.54022,0.1268,0.12775,0.52107,0.092353
0.024719,0.096057,0.045741,0.25479,0.60324,0.59387,0.17594,0.16446,0.36331,0.12877
0.054362,0.13108,0.077499,0.267,0.53278,0.58538,0.17806,0.20049,0.41865,0.16994
0.04543,0.1447,0.090192,0.29012,0.6079,0.51337,0.19928,0.19453,0.37597,0.18081
0.043407,0.12282,0.047031,0.2088,0.52801,0.48656,0.15355,0.16896,0.58865,0.15181
0.044279,0.13017,0.073239,0.28255,0.62842,0.52279,0.17546,0.19129,0.36109,0.17295
0.032387,0.10813,0.051452,0.23534,0.47741,0.54628,0.14536,0.18618,0.57642,0.12179
0.050705,0.1278,0.065059,0.26108,0.4123,0.49182,0.15194,0.21217,0.63261,0.16887
0.029291,0.089644,0.039629,0.23885,0.527,0.57958,0.16281,0.16779,0.49662,0.13248
0.04038,0.11521,0.05868,0.24602,0.57257,0.5359,0.15782,0.18405,0.47206,0.15645
0.016817,0.071698,0.03199,0.23248,0.60793,0.62859,0.15628,0.14117,0.34701,0.10017
0.045591,0.11621,0.061593,0.2606,0.47497,0.53376,0.17075,0.18958,0.55194,0.18022
0.044182,0.1145,0.066957,0.26504,0.46832,0.55167,0.16305,0.19654,0.5465,0.1506
0.040213,0.11987,0.070572,0.28215,0.64743,0.56554,0.19654,0.18075,0.25465,0.15586
0.0264,0.085672,0.037424,0.2147,0.45711,0.49498,0.13344,0.15869,0.65762,0.12272
0.043201,0.11442,0.080036,0.24551,0.44939,0.38439,0.14604,0.16359,0.70573,0.15
0.046377,0.1081,0.0519,0.18893,0.33859,0.35872,0.11229,0.16434,0.80261,0.1437
0.016522,0.060782,0.024882,0.22686,0.45063,0.66958,0.15126,0.16121,0.48514,0.091176
0.034345,0.10416,0.050489,0.24121,0.61705,0.55584,0.15672,0.16191,0.41076,0.13429
0.033222,0.10094,0.059201,0.24995,0.65944,0.59269,0.16963,0.15166,0.26328,0.12449
0.03733,0.10427,0.042883,0.2017,0.50713,0.42432,0.1262,0.15334,0.66993,0.1405
0.051878,0.12765,0.075479,0.26264,0.77274,0.4561,0.16565,0.15211,0.16353,0.15447
0.030269,0.10775,0.048763,0.22827,0.56302,0.52379,0.15139,0.17322,0.52045,0.13358
0.021209,0.07268,0.032581,0.20064,0.44433,0.46844,0.10377,0.14178,0.70405,0.097619
0.029941,0.10118,0.051455,0.26046,0.60745,0.60912,0.19597,0.1641,0.30597,0.13929
0.022029,0.075379,0.032934,0.21961,0.43683,0.50375,0.11821,0.15312,0.67105,0.11051
0.030898,0.09515,0.049463,0.2178,0.39478,0.44335,0.11676,0.16688,0.72873,0.12316
0.021765,0.060504,0.044167,0.14507,0.3277,0.26085,0.073919,0.090189,0.88213,0.075454
0.054219,0.15343,0.074097,0.25095,0.52932,0.42781,0.1583,0.19774,0.58313,0.19403
0.024369,0.079124,0.041908,0.23609,0.42722,0.56428,0.15191,0.16096,0.61062,0.11349
0.025134,0.079914,0.023615,0.19818,0.34792,0.50999,0.11798,0.16759,0.72083,0.10206
0.039489,0.098882,0.043561,0.15567,0.31565,0.30575,0.084911,0.14312,0.85213,0.12488
0.019291,0.070929,0.047226,0.23872,0.56209,0.5274,0.11137,0.15052,0.54767,0.079246
0.02375,0.080492,0.054048,0.24711,0.67676,0.51861,0.12751,0.14225,0.39527,0.096343
0.02243,0.085138,0.038445,0.23859,0.69865,0.54783,0.15231,0.14033,0.29953,0.11407
0.03711,0.10927,0.067601,0.27547,0.64399,0.5564,0.18209,0.16995,0.31664,0.14011
0.023778,0.085474,0.048704,0.24467,0.6877,0.59647,0.16376,0.1392,0.21195,0.10037
0.04184,0.11334,0.060253,0.26659,0.53663,0.56728,0.18346,0.18398,0.45414,0.16484
0.061189,0.15192,0.081347,0.2778,0.54559,0.49284,0.16833,0.20553,0.48935,0.19695
0.035555,0.11984,0.066831,0.26296,0.72285,0.50363,0.17363,0.1557,0.24589,0.14057
0.047511,0.1475,0.081975,0.27616,0.68725,0.48422,0.17518,0.18331,0.3004,0.17805
0.036893,0.076746,0.057774,0.26029,0.72524,0.53408,0.15765,0.12332,0.23875,0.11567
0.024067,0.080933,0.033255,0.23097,0.58951,0.56523,0.13965,0.15788,0.466,0.099204
0.037454,0.070797,0.049379,0.23836,0.71986,0.57859,0.15996,0.12583,0.16743,0.10916
0.027102,0.057633,0.022536,0.26096,0.26377,0.57037,0.12431,0.238,0.67261,0.089043
0.02424,0.045998,0.018254,0.1935,0.2009,0.44096,0.088349,0.18223,0.82358,0.073639
0.02719,0.059722,0.034845,0.19638,0.34911,0.4187,0.10268,0.14227,0.78673,0.094893
0.035102,0.073506,0.038997,0.24515,0.6671,0.60676,0.17247,0.15519,0.22829,0.11235
0.012793,0.047441,0.019946,0.20046,0.29808,0.58655,0.11503,0.15942,0.69432,0.058085
0.015458,0.055272,0.022504,0.22076,0.39476,0.68857,0.15634,0.16642,0.5113,0.062737
0.03842,0.10487,0.054645,0.24585,0.64561,0.57182,0.14928,0.16827,0.33769,0.12521
0.04957,0.074491,0.048352,0.20821,0.42397,0.41716,0.11338,0.14115,0.73797,0.12308
0.051702,0.13793,0.066581,0.27131,0.60683,0.54105,0.18883,0.19808,0.3629,0.18079
0.032786,0.10781,0.058995,0.24652,0.70606,0.52374,0.15754,0.15548,0.2915,0.12754
0.066935,0.16352,0.092889,0.30985,0.56661,0.50495,0.19326,0.22818,0.39552,0.20561
0.049582,0.13608,0.062373,0.24712,0.45013,0.47965,0.15993,0.20348,0.61353,0.19488
0.07899,0.17644,0.10935,0.2879,0.64131,0.41156,0.17729,0.20869,0.40182,0.22513
0.058838,0.14709,0.10376,0.29245,0.75963,0.41588,0.17972,0.16955,0.19714,0.16941
0.02762,0.092577,0.055252,0.27524,0.61189,0.60112,0.17754,0.17135,0.31827,0.11801
0.034048,0.11856,0.057119,0.26007,0.66598,0.54248,0.17939,0.17672,0.29976,0.15101
0.067509,0.16734,0.11327,0.30996,0.7396,0.41436,0.19303,0.18662,0.16771,0.19906
0.016223,0.079519,0.055855,0.2541,0.79149,0.48658,0.14728,0.11887,0.13602,0.090455
0.016538,0.0666,0.041746,0.22252,0.79874,0.5002,0.13914,0.099935,0.13743,0.087289
0.025186,0.1019,0.042025,0.25014,0.57522,0.58804,0.17849,0.17489,0.41083,0.12945
0.07701,0.11714,0.08835,0.30723,0.60321,0.55661,0.18959,0.19652,0.30742,0.18816
0.031732,0.12188,0.058641,0.22501,0.757,0.5149,0.1518,0.14695,0.17336,0.13114
0.035919,0.12078,0.081998,0.27947,0.79636,0.42517,0.15825,0.14661,0.15155,0.12174
0.14906,0.29766,0.17686,0.31088,0.58192,0.34274,0.23684,0.294,0.21425,0.34164
0.1522,0.29419,0.1945,0.31939,0.57841,0.34138,0.23624,0.29693,0.2105,0.33326
0.1454,0.34014,0.16891,0.28262,0.60205,0.31816,0.20518,0.33005,0.19497,0.31941
0.15882,0.33986,0.15807,0.2667,0.58671,0.31581,0.20659,0.3354,0.21465,0.34343
0.11504,0.25583,0.15035,0.32037,0.52393,0.44831,0.26417,0.28543,0.26252,0.31689
0.19531,0.31609,0.21735,0.3065,0.48165,0.31003,0.22938,0.32986,0.25775,0.40595
0.17054,0.31976,0.1974,0.31128,0.51827,0.3343,0.2374,0.32869,0.2339,0.36516
0.095808,0.23026,0.14969,0.32917,0.65597,0.4116,0.22283,0.24775,0.1839,0.24996
0.1701,0.30988,0.19523,0.31021,0.55758,0.32369,0.22387,0.30934,0.22072,0.36125
0.13129,0.19762,0.14887,0.32558,0.65333,0.41234,0.20667,0.21007,0.20396,0.30041
0.086892,0.22924,0.11872,0.29837,0.61964,0.44177,0.23594,0.25659,0.2469,0.27422
0.11191,0.25092,0.19094,0.35171,0.63254,0.37341,0.23282,0.26438,0.17526,0.26455
0.15977,0.31756,0.18451,0.29984,0.55726,0.33386,0.22101,0.3187,0.23201,0.35133
0.16602,0.34009,0.17796,0.27739,0.55165,0.29727,0.20766,0.33385,0.24991,0.37207
0.042499,0.1572,0.070596,0.25292,0.64774,0.56799,0.18433,0.19773,0.25275,0.15935
0.059518,0.18852,0.088896,0.28503,0.59077,0.53925,0.20256,0.23548,0.30771,0.20202
0.099193,0.23392,0.15113,0.31817,0.66628,0.40726,0.21264,0.2414,0.18593,0.25205
0.10622,0.27507,0.12698,0.2677,0.65677,0.37337,0.20669,0.27469,0.21757,0.29832
0.19388,0.31847,0.22414,0.31551,0.4644,0.31847,0.24678,0.31978,0.25142,0.40956
0.092188,0.24107,0.15631,0.32189,0.69004,0.38562,0.21744,0.24207,0.15082,0.22773
0.16884,0.35336,0.18503,0.28388,0.54799,0.31079,0.21739,0.34807,0.21363,0.34767
0.087804,0.25387,0.13847,0.31707,0.60271,0.44122,0.23439,0.26928,0.22421,0.26923
0.16997,0.24031,0.19483,0.3415,0.53094,0.39524,0.25166,0.24956,0.23204,0.37579
0.0787,0.24635,0.12508,0.3015,0.68388,0.40225,0.20835,0.25326,0.18532,0.23494
0.060447,0.18913,0.10659,0.28493,0.75208,0.42352,0.17968,0.19199,0.13967,0.18543
0.10857,0.2409,0.16195,0.32025,0.65712,0.39654,0.20768,0.25918,0.19217,0.25517
0.11207,0.24838,0.16392,0.32453,0.61384,0.41361,0.22696,0.26249,0.22343,0.2745
0.11348,0.31691,0.14429,0.26878,0.6563,0.34072,0.20273,0.30273,0.18395,0.28323
0.13486,0.32243,0.16101,0.2724,0.64566,0.31976,0.20384,0.31244,0.17839,0.29599
0.11364,0.23489,0.17428,0.34952,0.62753,0.40056,0.22984,0.25186,0.18769,0.27139
0.14973,0.27426,0.20427,0.33617,0.54635,0.36406,0.25567,0.28283,0.23336,0.34172
0.1845,0.21708,0.19163,0.34542,0.52317,0.40732,0.24437,0.23902,0.24823,0.38042
0.17476,0.30255,0.21834,0.33194,0.51319,0.33667,0.25099,0.30565,0.22304,0.37038
0.084206,0.14869,0.11587,0.32887,0.63492,0.49946,0.22318,0.18416,0.24284,0.23226
0.13174,0.27103,0.19598,0.34967,0.58262,0.36368,0.24468,0.28107,0.20568,0.30924
0.16618,0.3052,0.19589,0.32604,0.50543,0.34645,0.25662,0.30677,0.25111,0.36886
0.14168,0.26818,0.20425,0.35098,0.55295,0.3618,0.25157,0.28348,0.22434,0.33536
0.13592,0.25847,0.18991,0.34528,0.57233,0.39268,0.24698,0.26816,0.21544,0.31361
0.097128,0.28435,0.14789,0.28317,0.68061,0.36003,0.20399,0.28466,0.16514,0.25472
0.12453,0.26735,0.19114,0.34517,0.59473,0.37128,0.23811,0.27842,0.20074,0.30213
0.13391,0.2527,0.17675,0.33619,0.54268,0.39884,0.25517,0.26481,0.28846,0.31926
0.14722,0.36112,0.15355,0.25003,0.58643,0.31042,0.19911,0.34966,0.21353,0.33774
0.16694,0.29257,0.21641,0.33593,0.5112,0.35159,0.25908,0.3028,0.22956,0.36112
0.13584,0.29274,0.1792,0.31409,0.58657,0.36717,0.23161,0.3018,0.20577,0.31486
0.11037,0.27226,0.15753,0.31765,0.63712,0.37786,0.22746,0.27647,0.17942,0.28093
0.099262,0.23798,0.16015,0.33255,0.64538,0.40294,0.23036,0.24986,0.18406,0.26274
0.09955,0.32067,0.13607,0.26382,0.65162,0.35344,0.19929,0.30875,0.18813,0.28139
0.14258,0.28883,0.1763,0.30899,0.58735,0.36065,0.22803,0.29829,0.21081,0.3305
0.11053,0.30771,0.14842,0.27142,0.6523,0.35042,0.2073,0.3016,0.18413,0.28508
0.13025,0.28042,0.18281,0.32533,0.59363,0.37643,0.24505,0.28221,0.1953,0.30532
0.13527,0.28837,0.19478,0.32473,0.56229,0.37254,0.25402,0.30063,0.21131,0.31724
0.17851,0.30416,0.22371,0.32945,0.50454,0.33624,0.25327,0.30765,0.22433,0.37458
0.12366,0.27212,0.18836,0.34403,0.58102,0.38248,0.24709,0.27963,0.20524,0.30262
0.13328,0.17992,0.15169,0.347,0.59526,0.46795,0.23371,0.20805,0.22044,0.29434
0.14096,0.17968,0.15712,0.3453,0.65619,0.41005,0.20626,0.19419,0.19643,0.29389
0.2423,0.27041,0.22874,0.32402,0.39748,0.32856,0.25314,0.27847,0.28838,0.46918
0.1683,0.21965,0.19526,0.36634,0.53605,0.3953,0.252,0.2371,0.239,0.36144
0.28246,0.29841,0.21838,0.2643,0.29505,0.26197,0.24012,0.31025,0.33257,0.54169
0.12204,0.26371,0.16537,0.31469,0.61988,0.38986,0.22709,0.27146,0.2071,0.29119
0.13037,0.26589,0.19008,0.33929,0.58043,0.37105,0.25005,0.27274,0.21983,0.3182
0.14805,0.30362,0.19095,0.30912,0.54861,0.35395,0.24736,0.30973,0.22432,0.34667
0.21851,0.25312,0.22491,0.34481,0.46079,0.33782,0.24211,0.2702,0.26755,0.4348
0.14499,0.34724,0.15828,0.26954,0.5857,0.32028,0.20749,0.34034,0.21149,0.33385
0.19084,0.31936,0.21977,0.31155,0.47039,0.32875,0.25263,0.33026,0.24947,0.38957
0.12271,0.28146,0.17888,0.32762,0.62709,0.3634,0.2303,0.2797,0.17519,0.28129
0.12818,0.17542,0.14667,0.34039,0.56669,0.4809,0.22637,0.22274,0.27886,0.29051
0.13387,0.2814,0.19064,0.32885,0.58087,0.37564,0.25061,0.29258,0.19356,0.30662
0.1442,0.3407,0.16812,0.27918,0.59298,0.32135,0.2114,0.33531,0.19914,0.32443
0.18113,0.32771,0.20859,0.30252,0.49628,0.31937,0.24455,0.33378,0.23882,0.38501
0.15973,0.28879,0.20541,0.33568,0.55611,0.34297,0.23372,0.29395,0.2243,0.3435
0.19343,0.32723,0.21707,0.31112,0.45898,0.32571,0.2604,0.32419,0.24227,0.40402
0.13636,0.26053,0.18555,0.33751,0.48992,0.3741,0.24617,0.27051,0.38823,0.31736
0.13458,0.33011,0.16264,0.275,0.62553,0.31544,0.20316,0.32287,0.19444,0.311
0.13299,0.33122,0.16638,0.29219,0.59453,0.33103,0.2195,0.31941,0.20661,0.32189
0.15574,0.36554,0.16087,0.25458,0.56997,0.30248,0.20521,0.3523,0.21981,0.34716
0.15437,0.19197,0.1728,0.36506,0.59699,0.42004,0.23278,0.20546,0.21261,0.31899
0.21109,0.24916,0.22613,0.34785,0.47117,0.35367,0.24375,0.26618,0.25906,0.42043
0.17777,0.2317,0.19997,0.35575,0.49599,0.39564,0.24859,0.25367,0.26617,0.38554
0.16864,0.20945,0.18496,0.3679,0.53113,0.40622,0.2491,0.23523,0.25294,0.36007
0.20139,0.23581,0.20957,0.34872,0.45943,0.36713,0.25545,0.25935,0.30252,0.41037
0.28624,0.28574,0.22098,0.26595,0.30652,0.25184,0.23161,0.30042,0.34255,0.54612
0.24939,0.27415,0.22116,0.29891,0.35427,0.3015,0.24338,0.2898,0.33911,0.49976
0.14061,0.18245,0.172,0.37439,0.62215,0.41325,0.22174,0.19994,0.20003,0.30031
0.12809,0.26208,0.18144,0.33945,0.61206,0.37059,0.23078,0.27114,0.19658,0.29897
0.13408,0.25378,0.18536,0.34293,0.51933,0.40007,0.25772,0.27613,0.30183,0.31959
0.092376,0.17204,0.17983,0.39185,0.60421,0.46001,0.26317,0.19782,0.17933,0.24239
0.15334,0.27884,0.20309,0.33354,0.57752,0.33537,0.22249,0.29239,0.22448,0.3389
0.065382,0.19732,0.1136,0.28928,0.7458,0.41263,0.18482,0.20234,0.14551,0.1935
0.12812,0.26523,0.17362,0.32479,0.63166,0.3518,0.21365,0.28606,0.20136,0.29468
0.17881,0.32701,0.20587,0.30173,0.49974,0.32219,0.2439,0.32977,0.23987,0.38516
0.11942,0.26916,0.16238,0.30703,0.64544,0.36742,0.20813,0.27882,0.20083,0.28226
0.18898,0.32824,0.2164,0.31112,0.46652,0.32218,0.25616,0.33176,0.24001,0.39774
0.16614,0.29617,0.20198,0.31842,0.50545,0.34379,0.25607,0.30413,0.26932,0.3718
0.10475,0.25156,0.16475,0.3251,0.65905,0.38225,0.22393,0.25713,0.17835,0.25374
0.14229,0.17727,0.1531,0.33304,0.54531,0.50245,0.23279,0.22492,0.25961,0.30328
0.19831,0.31569,0.22301,0.31555,0.46375,0.31574,0.25626,0.31991,0.2489,0.40865
0.10137,0.3017,0.13684,0.26364,0.67426,0.34921,0.19667,0.30046,0.18187,0.26808
0.10712,0.31186,0.13947,0.26476,0.67551,0.34286,0.19387,0.29573,0.17559,0.2683
0.15398,0.28063,0.19307,0.32305,0.561,0.34447,0.22761,0.29524,0.24973,0.34811
0.15787,0.31168,0.20087,0.3222,0.52378,0.35176,0.2585,0.30685,0.2264,0.35138
0.16514,0.26872,0.15837,0.30237,0.51233,0.36125,0.21335,0.295,0.34934,0.36938
0.22912,0.26224,0.16861,0.28413,0.36689,0.33467,0.20759,0.28868,0.4265,0.46329
0.15246,0.24992,0.17923,0.31779,0.49878,0.35872,0.22591,0.26764,0.40181,0.34585
0.13997,0.26267,0.19167,0.34681,0.48319,0.39809,0.25865,0.28782,0.30545,0.34557
0.098439,0.21716,0.11349,0.2902,0.37916,0.43553,0.20205,0.28896,0.55369,0.28584
0.12598,0.24001,0.13691,0.2984,0.41311,0.47881,0.22586,0.28256,0.44645,0.29774
0.19006,0.2354,0.16137,0.30545,0.41393,0.42721,0.24417,0.27262,0.36335,0.41149
0.069407,0.15968,0.10202,0.29223,0.40034,0.48827,0.20041,0.228,0.58151,0.21189
0.097304,0.16815,0.089058,0.24831,0.33501,0.42324,0.15823,0.24567,0.67712,0.23962
0.1135,0.21496,0.13672,0.27037,0.46482,0.36334,0.16735,0.25345,0.58645,0.25473
0.044566,0.049231,0.031209,0.077981,0.062329,0.12175,0.043241,0.084958,0.97613,0.088886
0.051075,0.11969,0.065286,0.21884,0.34805,0.39085,0.11878,0.18996,0.76499,0.14697
0.18818,0.19288,0.12709,0.25354,0.2038,0.39182,0.16589,0.2857,0.6404,0.3642
0.22868,0.26515,0.17139,0.28735,0.32752,0.40733,0.23419,0.30244,0.36377,0.46219
0.20448,0.2472,0.16661,0.29711,0.43975,0.36622,0.23845,0.27436,0.35309,0.44356
0.12452,0.22104,0.1464,0.31615,0.53242,0.46725,0.23543,0.25223,0.31406,0.30785
0.097953,0.20191,0.12429,0.30956,0.44607,0.47375,0.22903,0.25885,0.47013,0.2729
0.10138,0.17523,0.12751,0.27706,0.35776,0.3722,0.16801,0.23204,0.67502,0.2485
0.2145,0.24594,0.18264,0.29945,0.34167,0.35935,0.22992,0.29123,0.43651,0.44316
0.12733,0.20072,0.13892,0.25531,0.34092,0.34043,0.1554,0.24429,0.68369,0.27503
0.1029,0.14674,0.098507,0.30095,0.37323,0.51388,0.1934,0.25446,0.54722,0.25026
0.096632,0.21482,0.12507,0.31638,0.59925,0.43966,0.22034,0.24788,0.3065,0.26916
0.086921,0.22329,0.12422,0.3118,0.49259,0.48188,0.24916,0.26159,0.37454,0.29034
0.12975,0.26603,0.15725,0.30928,0.49621,0.41317,0.24636,0.29302,0.32045,0.35473
0.13043,0.27529,0.15998,0.32502,0.46896,0.4037,0.25365,0.30823,0.34224,0.34148
0.10851,0.23259,0.15024,0.32352,0.48803,0.44842,0.24393,0.27409,0.37271,0.30675
0.11181,0.20669,0.14703,0.33985,0.46598,0.47679,0.25876,0.25865,0.36849,0.30586
0.089221,0.20628,0.10132,0.2823,0.52797,0.52627,0.21841,0.26183,0.35745,0.24451
0.076278,0.14859,0.089115,0.27642,0.38893,0.54786,0.19027,0.22389,0.55726,0.19866
0.12272,0.28022,0.15067,0.29107,0.48007,0.3875,0.22337,0.31006,0.39276,0.34362
0.13162,0.27979,0.16886,0.33256,0.54489,0.38662,0.23584,0.29551,0.26348,0.3264
0.035535,0.13882,0.057603,0.25532,0.46563,0.6109,0.19789,0.20968,0.45717,0.16976
0.16686,0.18715,0.11604,0.26297,0.23729,0.44158,0.16334,0.29686,0.6033,0.35275
0.058364,0.14083,0.072179,0.29606,0.50841,0.5729,0.21337,0.21852,0.40983,0.18965
0.065701,0.1641,0.090866,0.30291,0.39526,0.51779,0.21905,0.24736,0.53589,0.21924
0.076547,0.17469,0.091985,0.29271,0.54578,0.55081,0.23865,0.22359,0.31666,0.24696
0.15395,0.21964,0.16159,0.32224,0.48549,0.44388,0.25926,0.26004,0.31285,0.36422
0.25651,0.27501,0.17128,0.26487,0.3622,0.34685,0.22802,0.29393,0.3474,0.4985
0.14876,0.23135,0.17261,0.347,0.50073,0.42266,0.27815,0.25493,0.2595,0.36753
0.15428,0.21427,0.13415,0.31654,0.4703,0.4552,0.26589,0.26346,0.32236,0.37373
0.2345,0.24489,0.15097,0.2842,0.3214,0.36527,0.22193,0.315,0.43316,0.45678
0.16231,0.25353,0.13263,0.27243,0.40858,0.40709,0.20523,0.29008,0.47483,0.36496
0.12559,0.18174,0.14666,0.32745,0.35474,0.39935,0.21256,0.25033,0.57407,0.31581
0.088864,0.22705,0.09148,0.24768,0.3984,0.42934,0.18185,0.27219,0.59158,0.26582
0.081179,0.1845,0.084026,0.24465,0.39918,0.39106,0.14745,0.25503,0.6695,0.21254
0.23553,0.24973,0.18162,0.27368,0.29578,0.31368,0.20999,0.2791,0.50367,0.46121
0.051234,0.11796,0.058048,0.24461,0.25018,0.49489,0.14704,0.22156,0.7184,0.16107
0.20591,0.238,0.13266,0.24909,0.4081,0.46582,0.21367,0.27619,0.36077,0.43092
0.2202,0.25197,0.17202,0.28101,0.30439,0.35155,0.22705,0.29713,0.46378,0.45639
0.12074,0.22378,0.14349,0.32522,0.57773,0.45109,0.24032,0.24541,0.25839,0.29494
0.10456,0.17432,0.12412,0.32897,0.54967,0.51674,0.23785,0.23067,0.27986,0.27892
0.14216,0.23802,0.17673,0.33005,0.44787,0.39802,0.23105,0.28422,0.42709,0.32771
0.04879,0.11466,0.063782,0.29204,0.34457,0.57049,0.20003,0.22398,0.57785,0.16382
0.11146,0.21864,0.11054,0.25985,0.40654,0.38207,0.18717,0.27114,0.59684,0.28984
0.12439,0.23515,0.15259,0.32029,0.52508,0.42804,0.21644,0.26965,0.36639,0.30107
0.22983,0.27226,0.17398,0.28053,0.40875,0.33313,0.21113,0.29181,0.37721,0.46262
0.13975,0.16701,0.1102,0.22649,0.26052,0.54656,0.15958,0.24113,0.59464,0.29212
0.11936,0.21609,0.13659,0.2923,0.36287,0.4206,0.19865,0.27353,0.56579,0.3033
0.12932,0.2065,0.14283,0.33302,0.43822,0.46467,0.21409,0.26321,0.43778,0.30759
0.12487,0.24397,0.13854,0.3071,0.55378,0.402,0.21409,0.27928,0.34605,0.31548
0.12674,0.23464,0.16874,0.34914,0.58481,0.41843,0.24244,0.25284,0.20981,0.30774
0.18654,0.20602,0.13038,0.2748,0.25332,0.35803,0.18307,0.28902,0.62039,0.36873
0.10797,0.16971,0.13643,0.32739,0.54956,0.54771,0.24216,0.20915,0.25772,0.25089
0.20408,0.2362,0.14219,0.2716,0.34427,0.44498,0.22391,0.29796,0.41318,0.42709
0.22504,0.24572,0.17315,0.28952,0.37175,0.39951,0.21015,0.28809,0.39255,0.44284
0.11287,0.20728,0.11082,0.28965,0.43746,0.49155,0.23967,0.26136,0.42846,0.32526
0.1048,0.1958,0.13668,0.32019,0.41145,0.51836,0.25407,0.25094,0.43759,0.26922
0.06644,0.15243,0.074648,0.21235,0.28756,0.38707,0.14408,0.21075,0.7649,0.19729
0.058976,0.14466,0.091774,0.30106,0.4891,0.50893,0.19747,0.20697,0.50581,0.20158
0.1702,0.27412,0.18404,0.30661,0.44637,0.37834,0.23988,0.29974,0.36281,0.38288
0.11259,0.28127,0.13437,0.2933,0.52902,0.40707,0.23011,0.30053,0.31894,0.337
0.11899,0.14745,0.096968,0.30881,0.31637,0.46241,0.15441,0.28866,0.61163,0.25331
0.262,0.27246,0.16343,0.2727,0.33329,0.31833,0.21077,0.30708,0.39543,0.49854
0.10176,0.18816,0.12227,0.32227,0.51652,0.50585,0.2731,0.24279,0.33731,0.25583
0.12585,0.2408,0.16043,0.33895,0.49065,0.4384,0.26267,0.27067,0.32003,0.32855
0.13364,0.2495,0.15454,0.34643,0.41501,0.42392,0.24192,0.3115,0.39975,0.3297
0.065541,0.17877,0.078734,0.21935,0.37793,0.40644,0.11758,0.2288,0.70401,0.19899
0.19964,0.22125,0.1461,0.29264,0.39153,0.45578,0.21991,0.28871,0.3834,0.40554
0.10298,0.17209,0.13062,0.31836,0.47341,0.57795,0.22676,0.21628,0.35409,0.24423
0.14886,0.25339,0.15126,0.31629,0.48265,0.4121,0.22681,0.28845,0.36645,0.34497
0.10684,0.18011,0.12515,0.31425,0.38861,0.53267,0.19679,0.24412,0.49289,0.25633
0.094257,0.21548,0.11233,0.29286,0.5068,0.47322,0.2147,0.2696,0.41874,0.2672
0.13528,0.26672,0.17995,0.334,0.55611,0.36838,0.22454,0.29022,0.28917,0.32156
0.24143,0.27419,0.16435,0.26354,0.43507,0.33115,0.21405,0.28938,0.3296,0.48263
0.047875,0.10119,0.053918,0.25716,0.44291,0.67808,0.1872,0.2071,0.39825,0.16106
0.26682,0.25668,0.16867,0.25228,0.31314,0.39467,0.19879,0.29203,0.38865,0.49108
0.15514,0.18509,0.12923,0.28454,0.36547,0.52932,0.21989,0.2728,0.45192,0.32134
0.14892,0.27325,0.17288,0.31496,0.54667,0.38198,0.22289,0.29377,0.29326,0.32761
0.14234,0.2346,0.14071,0.29913,0.41566,0.4682,0.25002,0.28605,0.3849,0.36187
0.13533,0.22817,0.14364,0.30802,0.47174,0.47547,0.21673,0.26166,0.38762,0.31596
0.10892,0.23687,0.14623,0.32609,0.50962,0.45874,0.24109,0.25925,0.32249,0.32377
0.11141,0.25414,0.16438,0.32345,0.601,0.41885,0.23375,0.27169,0.22368,0.27609
0.10402,0.22669,0.098573,0.25106,0.48913,0.46688,0.19045,0.27462,0.46089,0.28934
0.14128,0.2666,0.14818,0.29365,0.51922,0.37873,0.21553,0.28937,0.36097,0.35674
0.085542,0.1654,0.11494,0.3587,0.44404,0.52333,0.27214,0.25626,0.39762,0.23359
0.12844,0.23187,0.1583,0.32432,0.55896,0.43122,0.22976,0.25873,0.28636,0.31524
0.14892,0.28509,0.14469,0.27998,0.59014,0.36343,0.20903,0.30262,0.27051,0.3293
0.068145,0.14711,0.072859,0.2483,0.27782,0.51156,0.15574,0.22811,0.67257,0.19808
0.25053,0.26685,0.18582,0.28567,0.37574,0.33959,0.22723,0.29366,0.34139,0.48884
0.19886,0.26723,0.16921,0.28189,0.47745,0.38253,0.2257,0.28339,0.30083,0.43002
0.22736,0.25068,0.20705,0.3229,0.51056,0.32152,0.21647,0.25623,0.27261,0.43298
0.12033,0.22089,0.1488,0.32447,0.60059,0.40843,0.22863,0.24002,0.27385,0.31129
0.072271,0.14248,0.11271,0.29004,0.5095,0.43175,0.18133,0.17726,0.576,0.18863
0.10067,0.22364,0.10585,0.26393,0.69564,0.37679,0.17041,0.23341,0.28319,0.26341
0.10311,0.21331,0.15252,0.32531,0.51288,0.42801,0.23103,0.23928,0.42347,0.28032
0.20082,0.26359,0.16401,0.287,0.45848,0.37603,0.22337,0.28266,0.33827,0.43024
0.11722,0.22017,0.13883,0.29331,0.74175,0.30704,0.15617,0.23479,0.18856,0.27009
0.15703,0.26403,0.1701,0.3132,0.54416,0.37341,0.22662,0.28142,0.28384,0.36323
0.12299,0.23085,0.15248,0.31786,0.59387,0.40107,0.22138,0.26061,0.28177,0.31214
0.11876,0.22717,0.11774,0.25492,0.50344,0.39962,0.18245,0.26382,0.50203,0.29559
0.11954,0.22647,0.1262,0.28317,0.69683,0.36477,0.17736,0.2406,0.23451,0.27449
0.15438,0.28625,0.16535,0.29002,0.58006,0.34264,0.22234,0.29171,0.25065,0.3627
0.10558,0.16198,0.1008,0.27881,0.41888,0.53264,0.16792,0.24576,0.50585,0.26659
0.15057,0.19213,0.10135,0.30411,0.4278,0.48789,0.21184,0.28333,0.41854,0.341
0.13532,0.25065,0.12053,0.27814,0.65393,0.37981,0.18462,0.26392,0.25659,0.29241
0.089886,0.2026,0.10793,0.28702,0.72986,0.37814,0.17418,0.2145,0.22204,0.2356
0.2246,0.26796,0.16468,0.27449,0.49827,0.35295,0.21201,0.27365,0.286,0.44813
0.17349,0.23215,0.14463,0.2798,0.53016,0.43109,0.19664,0.25091,0.3291,0.37412
0.11285,0.22362,0.12721,0.2825,0.67804,0.35115,0.1806,0.23989,0.29953,0.27991
0.12759,0.21923,0.14653,0.31168,0.67895,0.38989,0.19613,0.22542,0.18183,0.28585
0.083329,0.19935,0.090378,0.23149,0.79969,0.33979,0.13523,0.20601,0.17189,0.21524
0.11027,0.20903,0.11396,0.28846,0.63059,0.41159,0.174,0.23811,0.34698,0.27118
0.2114,0.26161,0.17133,0.28853,0.53911,0.31688,0.19504,0.26856,0.30942,0.42108
0.11672,0.23027,0.13801,0.30785,0.63038,0.39738,0.21262,0.25046,0.26605,0.29245
0.11343,0.22482,0.13029,0.27846,0.66194,0.35861,0.18229,0.24336,0.32377,0.27935
0.096764,0.1871,0.13141,0.30942,0.61961,0.39573,0.18751,0.21269,0.40258,0.2442
0.11133,0.1984,0.12325,0.29678,0.68453,0.40564,0.19204,0.21624,0.24175,0.26413
0.10266,0.20883,0.12196,0.27873,0.73369,0.36087,0.18077,0.21732,0.2089,0.24741
0.11378,0.14541,0.093023,0.21566,0.37929,0.33238,0.13217,0.17829,0.74211,0.23755
0.066328,0.16808,0.079732,0.25065,0.57109,0.4344,0.14573,0.20603,0.52933,0.19862
0.24058,0.25745,0.19639,0.31418,0.46848,0.31997,0.21862,0.27037,0.29287,0.45831
0.2003,0.23652,0.16283,0.30871,0.53214,0.36345,0.2107,0.25079,0.33194,0.3865
0.11752,0.2297,0.14092,0.29552,0.69324,0.3647,0.19338,0.23577,0.19984,0.28236
0.076748,0.18403,0.10374,0.28255,0.69752,0.43584,0.1855,0.2075,0.25683,0.22298
0.12959,0.24049,0.13422,0.2831,0.69792,0.34083,0.17843,0.24381,0.23468,0.27855
0.1304,0.22403,0.16367,0.33486,0.64728,0.36356,0.20226,0.2385,0.24679,0.2899
0.13275,0.19437,0.13167,0.29704,0.70304,0.37157,0.17657,0.21502,0.21118,0.29101
0.13096,0.22726,0.1458,0.30121,0.65947,0.36731,0.20843,0.24561,0.23873,0.29773
0.13605,0.19557,0.11275,0.27728,0.52613,0.50497,0.20781,0.2501,0.34444,0.3122
0.1274,0.23798,0.14658,0.29871,0.70507,0.33115,0.18686,0.24251,0.19211,0.28106
0.11342,0.20875,0.14401,0.31632,0.6696,0.38752,0.19748,0.22653,0.24234,0.27422
0.19676,0.23758,0.17146,0.30053,0.53886,0.36542,0.21554,0.25214,0.30574,0.39712
0.12598,0.22094,0.17622,0.35927,0.62124,0.41559,0.22087,0.22636,0.1899,0.28362
0.21165,0.22728,0.14261,0.25175,0.39663,0.36556,0.18642,0.25942,0.50587,0.41343
0.12392,0.22838,0.14104,0.30224,0.63632,0.40224,0.20826,0.24378,0.24979,0.29891
0.15083,0.24447,0.18318,0.3391,0.6064,0.37212,0.23463,0.24579,0.20884,0.32197
0.14199,0.25011,0.13292,0.27224,0.68214,0.34067,0.17964,0.25266,0.22846,0.30956
0.10974,0.16724,0.10464,0.29897,0.63131,0.48812,0.20805,0.21125,0.25388,0.26545
0.11368,0.16041,0.095884,0.2382,0.36484,0.55124,0.14629,0.2168,0.5638,0.26863
0.12636,0.20389,0.13862,0.28528,0.47179,0.36341,0.1962,0.22329,0.56166,0.2888
0.10608,0.14654,0.093627,0.19549,0.38248,0.31089,0.13787,0.17661,0.75677,0.23335
0.13625,0.16473,0.11405,0.20494,0.32931,0.26678,0.14317,0.18565,0.76625,0.27853
0.078945,0.14865,0.097576,0.2057,0.41487,0.27677,0.13205,0.1648,0.7689,0.18794
0.19147,0.23512,0.15197,0.27371,0.39459,0.35493,0.20213,0.26299,0.50314,0.40645
0.14117,0.24472,0.12213,0.26418,0.60502,0.34636,0.17227,0.2654,0.37703,0.3274
0.13647,0.23752,0.13777,0.30025,0.61204,0.36395,0.199,0.25095,0.32724,0.31483
0.14265,0.27565,0.12876,0.24361,0.67647,0.30297,0.15838,0.27494,0.26574,0.32718
0.16165,0.19703,0.12455,0.30153,0.65275,0.4024,0.19011,0.21892,0.23146,0.3209
0.12531,0.16851,0.12079,0.33041,0.58392,0.43246,0.19513,0.21754,0.37519,0.27926
0.12978,0.1788,0.13636,0.2913,0.46478,0.41254,0.19118,0.21796,0.54506,0.28352
0.11094,0.22006,0.11443,0.27962,0.67804,0.41221,0.18532,0.23185,0.22968,0.27835
0.13936,0.18907,0.10117,0.26766,0.42693,0.43209,0.18209,0.25574,0.53934,0.32332
0.1016,0.19946,0.13675,0.32186,0.65281,0.43168,0.21563,0.2195,0.23768,0.25283
0.17545,0.241,0.15759,0.28431,0.41798,0.35098,0.20408,0.27435,0.49012,0.38787
0.24739,0.27904,0.15282,0.22604,0.34855,0.2497,0.18002,0.29314,0.50914,0.47443
0.19133,0.21704,0.13613,0.25845,0.46567,0.3652,0.18087,0.23512,0.50165,0.37562
0.10386,0.23292,0.11092,0.24141,0.7704,0.31285,0.15535,0.23213,0.18554,0.24607
0.084511,0.16432,0.11658,0.30044,0.75083,0.37931,0.17246,0.18326,0.21793,0.20872
0.10458,0.23086,0.11019,0.31239,0.54716,0.44971,0.24401,0.26391,0.31805,0.30672
0.075148,0.18252,0.069633,0.1872,0.47579,0.36445,0.11838,0.21267,0.67798,0.20746
0.10802,0.20204,0.1275,0.25622,0.52095,0.30297,0.15715,0.21992,0.60351,0.25522
0.12912,0.22317,0.14425,0.31719,0.68515,0.34721,0.18224,0.24094,0.21598,0.29019
0.10912,0.17924,0.08292,0.2047,0.42074,0.4083,0.1302,0.21492,0.64045,0.30023
0.1628,0.17138,0.10164,0.18076,0.25968,0.27585,0.13349,0.19356,0.77752,0.31269
0.11827,0.20239,0.12733,0.29636,0.70823,0.38119,0.19066,0.21675,0.19415,0.27035
0.20857,0.24107,0.17173,0.29482,0.47058,0.39827,0.20359,0.25654,0.34522,0.4189
0.13828,0.24837,0.15778,0.315,0.66192,0.33203,0.18941,0.25681,0.22095,0.30992
0.19419,0.24696,0.16148,0.31168,0.55227,0.36679,0.2132,0.25604,0.27398,0.39048
0.22153,0.2556,0.19026,0.30704,0.46345,0.31541,0.21757,0.27141,0.35138,0.44315
0.11161,0.20303,0.14231,0.31021,0.63583,0.37483,0.19106,0.22483,0.34313,0.2833
0.11653,0.18625,0.14032,0.32869,0.59602,0.4399,0.19539,0.23298,0.32073,0.28271
0.13297,0.22401,0.16718,0.32844,0.65332,0.35891,0.19469,0.23478,0.24789,0.29359
0.068029,0.12735,0.088633,0.21242,0.35536,0.37776,0.12184,0.17606,0.76417,0.16553
0.1876,0.19801,0.1206,0.18881,0.27686,0.26944,0.14075,0.22553,0.72273,0.36488
0.052457,0.13448,0.089391,0.27434,0.78915,0.42793,0.16239,0.14674,0.1325,0.15676
0.14755,0.23785,0.15749,0.31654,0.64388,0.36467,0.21349,0.24427,0.20648,0.31815
0.091744,0.18704,0.10043,0.26273,0.72173,0.41026,0.16716,0.20495,0.25754,0.22804
0.10101,0.23435,0.11864,0.28594,0.62998,0.43429,0.21033,0.23999,0.25999,0.29004
0.10671,0.21581,0.15555,0.33998,0.66455,0.37744,0.19543,0.24553,0.21594,0.27029
0.25101,0.27795,0.15708,0.27024,0.50069,0.30876,0.19049,0.28084,0.31082,0.45193
0.12375,0.21143,0.14292,0.32363,0.68509,0.36908,0.19075,0.22399,0.20217,0.28604
0.12398,0.24251,0.13542,0.2991,0.60551,0.38736,0.21016,0.26656,0.3044,0.30569
0.11565,0.21711,0.13381,0.29919,0.7121,0.34755,0.17347,0.23247,0.22325,0.26498
0.18128,0.21453,0.14625,0.31618,0.5552,0.39179,0.20895,0.24827,0.30869,0.37071
0.09722,0.17134,0.11777,0.28228,0.46459,0.40593,0.15139,0.21929,0.59831,0.2409
0.15827,0.18935,0.11469,0.236,0.3262,0.36139,0.16727,0.23847,0.66472,0.3264
0.11101,0.24271,0.11814,0.27435,0.53563,0.45182,0.22268,0.2716,0.36012,0.30896
0.078944,0.15623,0.082023,0.23905,0.47957,0.41081,0.16324,0.2005,0.62562,0.22022
0.1312,0.25969,0.13799,0.28672,0.59261,0.36002,0.19161,0.26648,0.35127,0.31965
0.12617,0.22737,0.17162,0.33823,0.62929,0.38502,0.22638,0.23492,0.21351,0.30374
